   7.57385282e+00   2.11037242e+00   7.55933491e+00   1.56855700e+00
   7.67844098e+00   2.15393194e+00   7.61352939e+00   1.30492559e+00
   6.87123020e+00   1.06505319e-01   7.78632995e+00   2.12727190e+00
   7.89628369e+00   2.08664277e+00   7.26835161e+00   1.48908404e+00
   7.23102502e+00   5.10682574e-01   7.53498625e+00   2.18899958e+00
   8.03894672e+00   7.47459060e-01   6.95041067e+00   2.46960043e+00
   8.00611014e+00   1.60951975e+00   7.37558174e+00   2.31258775e+00
   7.03661947e+00   5.81816865e-01   7.68180493e+00   2.22169255e+00
   8.16930430e+00   1.51963724e+00   7.53190541e+00   2.37729286e+00
   8.36858718e+00   1.76993800e+00   7.17268573e+00   1.63484881e+00
   7.14078787e+00   1.15432697e-01   7.62665142e+00   2.16190268e+00
   7.81079648e+00   2.08828546e+00   7.40075426e+00   1.19902790e+00
   6.64777261e+00   4.46404617e-01   8.26192646e+00   1.97726134e+00
   7.96031958e+00   1.99210343e+00   7.35934793e+00   1.26938726e+00
   7.17614822e+00   3.13630479e-01   7.54550184e+00   2.17764997e+00
   8.47432927e+00   1.51278031e+00   6.88124545e+00   2.49436737e+00
   7.80581202e+00   1.36175821e+00   7.33294215e+00   2.14235092e+00
   7.91588431e+00   1.28922063e+00   7.04672370e+00   2.36927808e+00
   6.30980602e+00   1.22409361e-01   8.12388844e+00   2.14572057e+00
   7.38194364e+00   2.03777926e+00   7.62774635e+00   1.22364905e+00
   7.87494649e+00   6.29839862e-01   7.37433118e+00   2.26819488e+00
   7.79856989e+00   8.34288794e-01   7.51060461e+00   2.23013555e+00
   7.52369054e+00   1.72022313e+00   8.32790648e+00   2.06883663e+00
   8.14602096e+00   1.95089750e+00   7.05637456e+00   1.46245041e+00
   8.55635130e+00   1.39332149e+00   7.29926499e+00   2.22698639e+00
   7.80162472e+00   1.90555196e+00   7.38256715e+00   1.41743699e+00
   8.22421261e+00   1.79104791e+00   6.97573519e+00   1.68191408e+00
   7.60737560e+00   2.16181061e+00   7.58560178e+00   1.11848010e+00
   7.99148803e+00   2.10422267e+00   7.00211368e+00   1.56571709e+00
   7.57145113e+00   4.65913411e-01   7.51747334e+00   2.27999041e+00
   9.15046805e+00   1.15171169e+00   7.02742572e+00   2.38126190e+00
   7.42647249e+00   7.01682111e-01   8.10301602e+00   2.07337484e+00
   8.95486370e+00   1.85622206e+00   6.72888610e+00   1.99073082e+00
   8.02119582e+00   2.04214281e+00   6.88200220e+00   1.77999278e+00
   7.42853589e+00   2.16476246e+00   7.74324901e+00   1.11447266e+00
   6.64741375e+00   1.83241100e-01   7.87119120e+00   2.11952266e+00
   7.34343725e+00   7.54538442e-01   7.50087148e+00   2.22798285e+00
   7.96717198e+00   1.83991471e+00   7.27994275e+00   1.49701133e+00
   8.34772593e+00   2.14624333e+00   6.52024577e+00   1.99222780e+00
   9.01327770e+00   1.14279238e+00   6.41569851e+00   2.49897214e+00
   7.41115658e+00   2.10682918e+00   7.66446541e+00   1.18013953e+00
   7.85114763e+00   2.19764591e+00   7.12767595e+00   1.73662202e+00
   6.67483103e+00   2.04952521e+00   8.93825820e+00   2.18760385e+00
   7.37278615e+00   1.74383660e+00   7.76745889e+00   2.41845993e+00
   7.77830671e+00   1.95758894e+00   7.46543224e+00   1.34978248e+00
   7.85668445e+00   1.80736229e+00   7.37706326e+00   1.37368122e+00
   7.51815605e+00   5.65820001e-01   7.58983459e+00   2.21460023e+00
   8.52754561e+00   1.31711744e+00   7.40586994e+00   2.31337230e+00
   7.65855801e+00   1.48975101e+00   7.40101978e+00   2.14172446e+00
   8.69467950e+00   2.02625168e+00   7.04027507e+00   1.93264441e+00
   9.74727668e+00   1.07008796e+00   6.17681653e+00   2.47852027e+00
   9.42474254e+00   9.92423281e-01   6.06662946e+00   2.77251361e+00
   6.73704052e+00   2.08337300e-02   7.80745481e+00   2.16995472e+00
   8.13918976e+00   8.67138028e-01   7.28340546e+00   2.29888691e+00
   7.55990404e+00   8.30018028e-01   7.28856030e+00   2.29738477e+00
   7.97781060e+00   1.88337803e+00   7.15870226e+00   1.37158437e+00
   7.12912880e+00   2.13879336e+00   8.26726611e+00   1.63613494e+00
   7.48140970e+00   7.06867783e-01   7.37642918e+00   2.29567232e+00
   7.49453550e+00   2.20930201e+00   7.48780955e+00   7.18163381e-01
   7.55749985e+00   2.31967865e+00   7.79848404e+00   1.80158755e+00
   7.64513613e+00   7.77576447e-01   7.04463101e+00   2.44067240e+00
   7.70709646e+00   1.99465470e+00   7.33840287e+00   1.35616438e+00
   7.95522201e+00   1.92379420e+00   7.32402439e+00   1.62247520e+00
   9.18956731e+00   2.08234860e+00   7.26441315e+00   1.92169916e+00
   8.91592638e+00   1.98845042e+00   6.72212237e+00   1.71447298e+00
   7.76812785e+00   1.99044945e+00   7.41384892e+00   1.29854880e+00
   7.88269748e+00   1.83205082e+00   7.46314513e+00   1.52974233e+00
   7.75980694e+00   9.25755606e-01   7.45116469e+00   2.33281438e+00
   7.40698960e+00   1.33497011e+00   7.81243794e+00   2.09613580e+00
   6.87767540e+00   4.10597390e-01   7.83694570e+00   2.09326208e+00
   7.82837064e+00   2.15496551e+00   7.87168849e+00   1.96539817e+00
   7.76192901e+00   1.99793887e+00   7.32664677e+00   1.40126115e+00
   7.84148751e+00   1.93443503e+00   7.45429660e+00   1.46796852e+00
   6.64071380e+00   2.34523669e-01   7.61425319e+00   2.21249795e+00
   7.62007555e+00   2.03685946e+00   7.46361561e+00   1.28996804e+00
   8.48728804e+00   2.14019571e+00   6.30735980e+00   2.28419600e+00
   8.00737593e+00   1.86097255e+00   7.18447464e+00   1.54549274e+00
   8.38541036e+00   2.25752975e+00   7.04120805e+00   2.07170189e+00
   6.61288809e+00   2.51677860e+00   7.99469625e+00   6.62739450e-03
   7.22655481e+00   2.23363158e+00   7.79774620e+00   1.11927940e+00
   7.45037281e+00   1.97847982e+00   7.82161803e+00   1.41952486e+00
   8.08929754e+00   1.86567260e+00   7.17810071e+00   1.71904957e+00
   7.35623671e+00   2.98293557e-01   7.40657520e+00   2.06168507e+00
   7.72313547e+00   2.02793343e+00   7.48022638e+00   1.28941796e+00
   7.96108560e+00   1.83760792e+00   7.31321492e+00   1.53496780e+00
   6.45805423e+00   1.41017381e-01   8.13953136e+00   2.04483952e+00
   7.84177047e+00   1.40957099e+00   7.62325788e+00   2.20803063e+00
   7.65060417e+00   9.51217053e-01   7.52857656e+00   2.26302998e+00
   8.37244201e+00   1.60374032e+00   7.31400243e+00   1.81748718e+00
   6.59222215e+00   1.90759323e-01   8.05582363e+00   2.05417007e+00
   7.07844735e+00   4.12937116e-01   7.67890668e+00   2.17583584e+00
   8.33791431e+00   1.95552455e+00   7.10721993e+00   1.59381954e+00
   8.30006007e+00   1.98664452e+00   7.88521678e+00   1.82173014e+00
   7.36631611e+00   1.12442570e+00   7.55569741e+00   2.05049725e+00
   6.62345961e+00   2.60606114e-01   7.88100407e+00   2.15767894e+00
   7.21195914e+00   1.31567254e-01   7.61036386e+00   2.09735077e+00
   7.51517500e+00   3.29427099e-02   7.26084320e+00   2.45034288e+00
   8.46288572e+00   1.80909778e+00   6.93276632e+00   1.87109444e+00
   7.33833280e+00   3.36679986e-01   7.85994751e+00   2.18232635e+00
   7.58373298e+00   8.45882593e-01   7.20966906e+00   2.35098957e+00