   6.86028537   0.73477521   7.26336702   2.20290826
   7.25084892   0.58978355   7.39731535   2.22242912
   6.69843886   0.46794755   7.12680657   2.301123  
   6.95091346   0.71531428   7.53742279   2.21363754
   9.16425492   1.03136148   8.51264169   2.07223069
   6.24412027   1.8105539    7.72815174   1.92030636
   6.80843085   2.25431595   7.69769134   1.750184  
   7.39708571   0.55095613   7.31952753   2.2646349 
   6.81874189   1.98265989   7.52855258   1.89183748
   5.64890252   0.80067499   7.20104696   2.26401182
   6.70696607   0.55340961   7.29376751   2.26146725
   6.79019965   0.66252219   7.2619017    2.24961875
   9.90902254   0.80713455   8.8504017    1.76252981
   6.95188754   0.72696955   7.30053682   2.12483807
   6.86889168   0.62019643   7.34460536   2.21642779
   7.24270726   1.22271146   7.44276245   1.76299443
   7.30299209   1.74352636   7.55125588   1.57756453
   6.66730249   0.64503817   7.09229662   2.39499618
   7.20257799   0.55952923   7.32814842   2.01023188
   7.21607572   0.82254255   7.36719308   2.06296035
   6.85702172   0.69109778   7.38880375   2.20292142
   7.30250163   0.6761714    7.50517898   2.06392739
   7.36943195   0.62316373   7.02937734   1.83230732
   7.03230048   0.35637736   7.4531151    2.2402203 
   6.97685488   0.68861052   7.40440258   2.19540276
   7.36840986   0.16525254   7.82847852   2.10395562
   6.52874121   1.02082595   7.28807571   2.19429232
   7.04767286   1.05229544   7.37469487   2.01075166
   7.3615825    1.95427662   7.54635124   1.33188654
   8.72093376   1.67485244   8.1080608    1.32377815
   7.00986892   0.44123495   7.46301084   2.18941124
   6.67561676   0.61347526   7.2799406    2.27289596
   6.49955351   0.71452875   7.06531845   2.27952744
   7.50946522   0.18402108   7.45061018   2.19927544
   7.14790569   1.27949556   7.42095515   1.74881918
   7.49495699   0.1906197    7.63606561   2.13000086
   6.97396976   0.60817397   7.45428309   2.219995  
   7.54632673   1.44906616   7.75801526   1.7390338 
   6.82529874   0.97217793   7.44017107   2.1998104 
   6.39434914   0.99065025   7.22779644   2.3097626 
   6.86609654   0.55549343   7.35589844   2.28034174
   6.69245626   0.72746541   7.17989766   2.2950943 
   7.04530848   0.60935087   7.38274015   2.21525941
   6.82829119   0.56924933   7.32765814   2.2450505 
   6.77108648   0.75982258   7.3511847    2.23638775
   7.59714245   1.71385552   7.52580155   1.31781279
   7.11344466   0.63598536   7.48069418   2.17001485
   6.90111019   0.58274789   7.35673609   2.20674749
   6.32614365   0.74552218   7.02232903   2.31631753
   7.23320585   1.45291023   7.46191901   1.67564055
   6.27807708   0.67987617   6.98056323   2.32284722
   7.5720414    1.66414855   7.5493712    1.3829864 
   6.99292177   0.64242566   7.83118495   2.04507019
   7.05189649   0.56441396   7.35075847   2.15257694
   7.2252212    0.62598584   7.33557085   1.97663161
   6.6438058    0.86439455   7.24441419   2.22266589
   6.76291044   0.29772622   7.25206111   2.25155181
   7.08930285   0.74481943   7.42564529   2.10693134
   6.87731926   0.97315695   7.36485277   2.00830667
   6.82221364   1.12197434   7.38630247   1.87553625
   6.78313557   0.70725539   7.40681432   2.18919304
   6.94472088   0.8034971    7.51249059   2.20656996
   7.2699424    0.56078982   7.34352489   2.0617445 
   5.26197132   1.92502209   7.7946048    2.32887553
   7.26771288   0.91037591   7.54816761   1.94493143
   7.11729268   1.02741783   7.3909895    1.89680484
   7.61368378   0.59420529   7.62676104   2.12596413
   5.29631177   2.04613994   6.84288032   2.24004162
   7.64170758   1.74132061   7.5320633    1.30744421
   7.0433111    0.74282195   7.27962986   2.11046468
   7.04325739   0.84890948   7.44510251   2.05404066
   7.25045818   1.30184844   7.25202473   1.69471672
   6.8817696    0.87328687   7.20745498   2.11516542
   7.59124248   0.35336098   7.76486447   2.09741735
   6.36770193   1.25232034   7.2113815    2.33502504
   7.10654641   0.94896067   7.4168873    1.93249064
   6.73616941   0.50618552   7.20721617   2.34978725
   6.8081739    0.90009367   7.33939808   2.04966462
   7.00344754   0.93999528   7.3652197    2.07034293
   7.67953654   1.11769437   7.68652675   1.61420154
   6.89998369   0.64403133   7.3749738    2.18335673
   7.36654521   1.27856165   7.50427112   1.68283714
   7.25592557   1.46939249   7.40299726   1.6362879 
   7.22798768   1.06229049   7.45053568   1.88492445
   7.05300483   0.74612039   7.33813356   2.06202284
   7.62166052   1.76563545   7.48628547   1.29717786
   6.61776612   0.97140283   7.34341681   2.04993415
   6.65684427   0.49484693   7.21824282   2.33946175
   3.96553686   2.11098899   6.09468016   2.92064663
   6.62737454   0.93126696   7.23127822   2.08326399
   7.10885776   0.687996     7.42470654   2.13795709
   7.09580918   0.59407756   7.43842379   2.18056237
   6.88654956   2.20681974   7.52730403   1.5242774 
   7.04857968   1.53035269   7.47379119   1.61145171
   7.56823108   1.03238045   7.68686451   2.02099088
   7.31419822   1.33233563   7.44150129   1.65713785
   7.24400902   0.63380523   7.43856674   2.15267427
   6.86580507   0.55876342   7.23713978   2.22907853
   7.61736905   1.0216634    7.6304832    1.86366006
  10.48423622   1.44681063   9.1396472    1.40917781