  7.48786948  1.53886456  7.47545509  1.64819492
  7.42200397  1.49759576  7.77315691  1.19268285
  7.43909166  1.48199283  7.71045709  1.23960536
  7.53677618  1.45920882  7.54233487  1.29779509
  7.49388898  1.45317806  7.58173819  1.27544331
  7.54455405  1.45472617  7.52676471  1.30001231
  7.51546025  1.53027231  7.40806773  1.69477041
  7.79098805  1.48807572  7.30062131  1.43480979
  7.49301922  1.53756686  7.46650087  1.65291021
  7.50549791  1.53148766  7.43414852  1.6654729 
  7.58319493  1.46181072  7.50247092  1.31261355
  7.50612653  1.52700342  7.44825745  1.63551334
  7.48887847  1.53741278  7.46350513  1.66202631
  7.49370318  1.46028628  7.58046521  1.2972731 
  7.46815259  1.47437574  7.6506721   1.25650568
  7.52957113  1.44823107  7.53007645  1.29410005
  7.48152108  1.46253688  7.60868691  1.27521248
  7.52552013  1.44014764  7.51549414  1.29841513
  7.49914154  1.45018049  7.57789403  1.26418699
  7.50378246  1.45031285  7.56754906  1.2770378 