  7.2550593   1.20053919  7.68483467  2.11614025
  7.52031311  0.98374213  7.51543684  2.27835299
  7.47069635  1.12034463  7.60145175  2.09407554
  8.85032019  0.3969425   6.86658898  2.47417907
  7.13605552  2.43717873  7.56752273  0.44235455
  6.94433104  1.33664568  8.03849649  1.92310932
  7.2186138   1.41580231  7.65483493  1.91254542
  7.40242579  1.17936641  7.58925956  2.06273444
  7.05826765  2.50806664  7.63239473  0.2322853 
  7.72394992  2.25581587  7.17860953  0.34114465
  7.39205021  1.0146658   7.66533038  2.25754755
  7.55466564  1.30969521  7.29126003  2.26028356
  7.41942057  2.29091727  7.22053722  0.37038841
  7.5824461   1.21100987  7.36201625  2.41346265
  7.13576956  2.54944216  7.58095621  0.46390934
  8.70681283  0.5161349   6.55440904  2.46861709
  7.54731649  1.07067458  7.54662634  2.17703761
  7.37685704  1.0251317   7.71729022  2.17984177
  7.2204225   1.1653955   7.8209342   2.07146267
  7.16657932  1.41366827  8.18715905  1.92256104
  7.98036256  0.61335203  7.16948309  2.5292783 
  7.46419784  1.09848447  7.39250303  2.31870616
  6.94725924  2.5347542   7.76561104  0.28894883
  7.32172656  2.42160354  7.38164699  0.45214463
  7.68441592  2.4653166   7.06692764  0.24072141
  7.96477365  2.16969121  7.32303346  0.94782988
  7.30691262  2.43097886  7.48397823  0.24431606
  7.31132105  2.39743406  7.50138921  0.46698807
  7.29473342  2.42371221  7.51876749  0.24733461
  7.86443158  2.21502968  7.13762977  0.49478643
  7.47847771  1.03719036  7.5727008   2.23521337
  6.55296593  2.61163042  8.1725282   0.87349225
  7.19886384  1.27798982  7.8369726   1.94064251
  7.64403635  1.14992631  7.40492738  2.10912655
  8.33514618  0.47850794  7.19850507  2.54975897
  7.66906884  0.73933224  7.53000772  2.47151386
  9.04029229  0.16155895  6.52822027  2.83677429
  7.7960205   1.00657155  7.32272062  2.24807375
  7.55023286  1.06303267  7.54920531  2.11218144
  7.39632943  2.36570861  7.41067874  0.27066407
  7.79365253  1.41092152  6.82645465  2.74749029
  8.14681775  0.28012994  7.3825035   2.47461645
  6.00303796  2.91870472  8.46028386  0.78478124
  7.95163048  1.25394508  6.49591428  2.42307709
  7.24689034  1.32578176  7.78719409  2.02828255
  8.53329516  2.05779969  5.93295279  1.55087052
  7.45761223  1.06552889  7.6460353   2.06605672
  9.25982861  0.0794264   6.85311683  2.60683896
  7.3498577   1.16577849  7.66939111  2.06783498
  8.90839021  0.07821091  6.76336773  2.92848435
  7.34292755  1.48447072  7.92393898  2.08845419
  5.83625492  1.70971253  8.92804399  1.61917178
  7.32765826  2.43782037  7.40383329  0.32090268
  7.33504436  2.30283204  7.40304647  0.40174488
  7.36505311  1.22674187  7.68158937  1.99103934
  7.71144218  2.21740367  7.20887767  0.49220188
  7.49252828  1.12169263  7.63883114  2.12300863
  7.30915772  2.39879031  7.39433648  0.26246656
  7.47262427  1.03268756  7.71921389  2.22332838
  7.05994868  2.5400827   7.51300715  0.30556186
  7.29130077  2.36070151  7.51308843  0.29174956
  7.68849234  1.05891901  6.83871339  2.64150977
  6.92046905  1.15406698  7.82375892  2.36562961
  7.21168828  2.40470155  7.56808878  0.38610745
  7.41559759  2.3578052   7.40417948  0.43218961
  6.82786554  2.65499939  7.81986093  0.64525985
  7.24591677  2.43958991  7.50402058  0.51446415
  7.17298117  2.48232246  7.51847951  0.47727376
  9.16994731  0.0467978   7.09309049  2.73114387
  7.4324642   2.296635    7.41871266  0.54370053
  6.97191816  2.48046164  8.16023521  0.47631933
  7.17831039  2.45977584  7.67754291  0.22764994
  6.91177847  1.25951164  8.28302789  1.86335588
  6.01449513  2.91061714  8.40723565  0.30418258
  7.2346067   2.40764524  7.57995946  0.21237964
  7.29109024  2.42751333  7.35447746  0.53452583
  7.56946135  1.15552779  7.35844969  2.09520137
  5.16407731  2.0081285   8.8976027   2.02635312
  7.55630599  2.31235161  7.23096331  0.43978414
  7.66291946  2.34879785  7.1024794   0.41106987
  7.47504333  2.40454684  7.30704677  0.31090983
  7.36332353  1.19078382  7.66543857  2.20144712
  7.53443984  2.28982104  7.25946785  0.50276013
  7.42120462  2.28345742  7.3414554   0.53800426
  4.90063668  2.13153691  9.56079735  2.19568802
  7.61458454  2.29923938  7.20369833  0.45595565
  7.1163986   2.43863293  7.65782477  0.54735043
  5.2677622   2.14840478  9.25244034  1.62213689
  7.42926681  2.44846511  7.12669182  0.41045929
  6.80434099  1.53577625  7.99227024  1.8845381 
  7.39004864  1.06866876  7.71151167  2.10966526
  7.47054283  2.34708235  7.26458749  0.17026032
  7.37355256  2.38060741  7.44105586  0.29330339
  7.16670345  2.47626572  7.57918249  0.24606567
  7.63259088  2.29938513  7.27994866  0.36824318
  7.13040397  1.31834127  7.70979579  1.97133849
  7.11499445  2.41777155  7.65530401  0.30153796
  7.23971413  2.42958397  7.39574297  0.35596829
  7.26828575  2.42624052  7.453708    0.26370194
  7.69564588  1.44227311  6.9149463   2.89463944

