13.0000697431,2.99983872345,13.0001459179,2.99998754013,-21.6750352613,-47814810.9937,-47814832.6687
13.0000037696,2.99994533853,12.9999828269,2.99999395821,-21.6753698142,-47814466.2368,-47814487.9122
13.0002217724,2.99998613361,12.9998301103,2.99990351558,-21.6751698808,-47814508.5886,-47814530.2638
13.0001902134,2.99993273955,13.000058675,2.99988366172,-21.6750259141,-47814833.1114,-47814854.7864
12.9997438966,2.99990684844,12.9998827685,2.99993520118,-21.6742464639,-47813945.4242,-47813967.0984
12.9998825542,2.99999000322,13.0000773473,2.99995483445,-21.6753630179,-47814451.6818,-47814473.3571
13.0000070174,2.99998461743,13.000175972,2.99986004096,-21.6750966108,-47814773.2162,-47814794.8913
12.9997165462,2.99983095751,12.9998399143,2.9998748995,-21.6733240674,-47813831.3553,-47813853.0287
13.0000111502,2.99997653218,13.000178557,2.99984074784,-21.6749424295,-47814781.3047,-47814802.9797
12.9997089524,2.99980988643,12.9998280159,2.99985815677,-21.6730679713,-47813799.6804,-47813821.3534
13.0000018359,2.99998386352,13.0001817395,2.99984957724,-21.6750301903,-47814774.5771,-47814796.2522
12.9998050952,2.99986624703,12.9999402513,2.99985876453,-21.6737223028,-47814113.7273,-47814135.401
13.0000177719,2.99998504663,13.0001888736,2.99989289879,-21.6753318014,-47814810.6547,-47814832.3301
13.0000424058,2.99994660232,13.0001218426,2.99987490515,-21.6749295893,-47814734.0459,-47814755.7208
13.0000330336,2.99999784506,13.0000371015,2.99991094798,-21.6753121099,-47814590.7574,-47814612.4327
13.0000207275,2.99996988966,13.0001550012,2.99986579963,-21.6750319026,-47814758.1045,-47814779.7796
12.9996367046,2.99960941521,12.9997148134,2.99969886566,-21.6706316083,-47813498.2403,-47813519.911
13.0000159587,2.9999943446,13.0002096524,2.99990952262,-21.6755157747,-47814842.8414,-47814864.5169
13.0002329849,2.99971965372,13.0002013098,2.99960651126,-21.6723630434,-47815090.7859,-47815112.4583
12.9996211583,2.99997505825,13.0001352488,2.99976710774,-21.6738418695,-47814168.2737,-47814189.9475
12.9997798012,2.99984520178,12.9998463563,2.99988412206,-21.6735693959,-47813929.5622,-47813951.2357
13.0000161145,2.99999354574,13.0002078671,2.99990809435,-21.6754999682,-47814840.0775,-47814861.753
13.0000610058,2.99994534586,13.0001212506,2.99987966491,-21.6749776193,-47814758.7271,-47814780.402
13.0001059813,2.99987500387,13.0000655465,2.99972891943,-21.6736351444,-47814716.816,-47814738.4896
12.9993547243,2.9999603179,13.0001987385,2.99967406028,-21.6728908686,-47813885.4336,-47813907.1064
13.000031134,2.9999587107,13.0001390836,2.99987017069,-21.6749827873,-47814746.5804,-47814768.2554
12.9998127708,2.99976533444,12.9999042,2.99977533314,-21.6725738112,-47814055.5216,-47814077.1942
13.0000487417,2.99993979603,13.0001121512,2.99987756647,-21.6748996863,-47814726.9761,-47814748.651
12.9994952344,2.99996555831,13.0001966479,2.99972043559,-21.6734081151,-47814084.088,-47814105.7614
12.9999324338,2.99991962441,13.0002405029,2.99963843184,-21.6733621576,-47814755.148,-47814776.8214
12.999697485,2.99966324057,12.9997801922,2.99972526323,-21.6713020666,-47813690.6293,-47813712.3006
13.0001337155,2.99985303936,13.0002886672,2.9997185012,-21.6738171644,-47815109.9769,-47815131.6508
13.0000585357,2.99992005037,13.0001230661,2.99985372595,-21.6746692513,-47814755.1493,-47814776.824
13.0000452845,2.99998584784,13.0000369833,2.99989517197,-21.6751636762,-47814605.5269,-47814627.2021
13.0000315944,2.99996819586,13.0001143658,2.99988005405,-21.6750626052,-47814708.8834,-47814730.5585
12.9995053278,2.99939293981,12.9995940441,2.99952878194,-21.6679347534,-47813102.1657,-47813123.8336
13.0000486092,2.9999400156,13.0001121683,2.9998775857,-21.6749009458,-47814726.8363,-47814748.5112
13.0000381017,2.99999812545,13.0000358938,2.99991271793,-21.6753302019,-47814595.8433,-47814617.5186
12.999132867,2.99995204362,13.0002020393,2.99960083642,-21.6720741949,-47813568.968,-47813590.6401
13.0000580263,2.99997656086,13.0000926847,2.99994012443,-21.6754803208,-47814714.5943,-47814736.2698
12.9995648701,2.99953209085,12.9996723613,2.99963901035,-21.6696373227,-47813323.8551,-47813345.5247
13.0000104008,2.99998536641,13.0000985209,2.99992926748,-21.6754053304,-47814658.7422,-47814680.4177
13.0000322699,2.99998211154,13.0000781022,2.99989455394,-21.6751797077,-47814653.4966,-47814675.1717
12.9992205017,2.99907447699,12.9993323979,2.99933107256,-21.6640195193,-47812263.2603,-47812284.9243
13.0000253751,2.99999181644,13.0002153249,2.99986034476,-21.6752281951,-47814861.5124,-47814883.1876
12.9983356493,2.99992177067,13.0002960832,2.9993024649,-21.6690484875,-47812522.9337,-47812544.6028
12.9996431842,2.99956794086,12.9996841204,2.99984115843,-21.6712001377,-47813464.8126,-47813486.4838
12.9990407387,2.99924660971,12.9995281763,2.99932526075,-21.6650409166,-47812334.2825,-47812355.9475
13.0000079682,2.99998703135,13.0002637775,2.99989177957,-21.6754346494,-47814916.2935,-47814937.9689
12.9999934056,2.99998789587,13.0001143889,2.99995624437,-21.6755806718,-47814662.7233,-47814684.3989
13.0001929304,2.9998412595,13.0000355594,2.99970504233,-21.6733749077,-47814782.644,-47814804.3174
12.9984306341,2.99983081762,13.000192636,2.9993055358,-21.6685084928,-47812505.7109,-47812527.3794
13.0000320193,2.99997694848,13.0000915569,2.99988917412,-21.6751362595,-47814674.0578,-47814695.7329
12.9984899905,2.9980211048,12.9986610509,2.99855576238,-21.6509544107,-47810078.8553,-47810100.5062
12.9995222475,2.9999368944,13.0001900482,2.99970951669,-21.6732012528,-47814109.4681,-47814131.1413
13.0000071763,2.99998584632,13.0001015315,2.99993438576,-21.6754385974,-47814659.504,-47814681.1794
13.0000330425,2.99999802896,13.0000366222,2.99991113961,-21.6753136575,-47814590.0233,-47814611.6986
12.9980292166,2.99979181015,13.0001935876,2.99915698046,-21.6667830809,-47811895.9833,-47811917.6501
12.9997004936,2.99961752744,12.9997220306,2.99987571279,-21.671847705,-47813608.7657,-47813630.4375
13.0001124101,2.99998921655,13.0000605121,2.99992362898,-21.6754906031,-47814736.5338,-47814758.2093
12.9985628126,2.99774125728,12.9984188442,2.99846074409,-21.6484541394,-47809767.705,-47809789.3535
12.9995099812,2.99993135791,13.0001952782,2.99969815297,-21.6730893136,-47814099.3124,-47814120.9855
13.0000141351,2.99996691258,13.0001139249,2.99991168389,-21.6752178211,-47814686.2801,-47814707.9553
12.9978271543,2.99977198801,13.0002029918,2.99907756314,-21.6658990599,-47811597.6948,-47811619.3607
13.0001716126,2.99999565224,13.0000468405,2.99994695226,-21.6757374492,-47814796.5402,-47814818.2159
12.998735223,2.997265331,12.9980007077,2.9983161851,-21.6443684523,-47809277.7184,-47809299.3627
12.9995350681,2.99986291339,13.0000990087,2.99972508605,-21.6727334618,-47813981.8731,-47814003.5459
12.999890963,2.9998524199,12.999968263,2.99990462068,-21.6740852786,-47814278.1135,-47814299.7876
13.0000327684,2.99999238083,13.000051341,2.99990525436,-21.6752661265,-47814612.5607,-47814634.236
12.9980906176,2.99904471699,12.9995640302,2.99885666008,-21.659649286,-47810989.599,-47811011.2586
13.0000325693,2.9999882802,13.000062027,2.99990098157,-21.6752316184,-47814628.9132,-47814650.5884
12.9997169067,2.99980374882,12.9999231163,2.99987545962,-21.6732895368,-47813962.8469,-47813984.5202
12.9990090283,2.99798621343,12.9985042327,2.99877043366,-21.6525754437,-47810539.5295,-47810561.182
12.9993300982,2.99973133434,13.0001444933,2.99953700614,-21.6705766948,-47813744.3815,-47813766.0521
12.9978997818,2.99895564891,12.9995218935,2.99873710975,-21.6580491488,-47810633.439,-47810655.0971
12.9993293688,2.99877209814,12.9991022886,2.99931408741,-21.6619228457,-47812022.7978,-47812044.4597
13.0000324144,2.99998508747,13.0000703471,2.99989765481,-21.6752047508,-47814641.6392,-47814663.3144
12.999697633,2.99974597578,12.9999054924,2.99983292935,-21.672632449,-47813902.261,-47813923.9337
12.9981248471,2.99565831622,12.9968782332,2.99730355931,-21.6260839062,-47806450.3364,-47806471.9625
12.9995205291,2.99989899236,13.000105342,2.99976618278,-21.6731841501,-47813976.1199,-47813997.7931
12.9998429015,2.99963824135,12.999939211,2.99974771701,-21.6717434445,-47814143.6249,-47814165.2966
13.0001618763,2.99987199415,13.000035054,2.9997453732,-21.6737538982,-47814744.268,-47814765.9417
12.9977380885,2.99886795985,12.9994515104,2.9986466837,-21.6566332956,-47810278.8078,-47810300.4644
12.9989814548,2.99816596691,12.9986403303,2.9990188897,-21.6553049634,-47810751.7101,-47810773.3654
12.9995538828,2.99952942245,12.9998489762,2.99967781707,-21.6701025366,-47813591.9164,-47813613.5865
12.9984131546,2.9965023134,12.9974713002,2.99788088613,-21.6359145752,-47807905.0042,-47807926.6401
12.9993501176,2.99973865692,13.0001421431,2.99954737891,-21.6707093406,-47813770.1836,-47813791.8543
12.9998431905,2.9998771548,12.9999829124,2.99992618258,-21.6743133556,-47814238.932,-47814260.6063
12.9979033715,2.99749630424,12.9983518088,2.99807269347,-21.6435717447,-47808714.4524,-47808736.0959
12.9983829984,2.99714316193,12.9977379839,2.99851256548,-21.643891685,-47808386.6259,-47808408.2698
13.0000322272,2.99998123152,13.0000803955,2.99989363697,-21.6751723021,-47814657.0021,-47814678.6773
12.9980228112,2.99650509506,12.9975571237,2.99765790685,-21.6341386808,-47807517.9574,-47807539.5916
12.9991439855,2.99966325912,13.0001663419,2.99944057451,-21.6693435734,-47813502.86,-47813524.5294
12.9998300299,2.99961624285,12.9999198034,2.99973682698,-21.6714977392,-47814093.0513,-47814114.7228
12.9963040832,2.99561762008,12.9970865887,2.99669210207,-21.619761537,-47804284.0463,-47804305.6661
12.998611667,2.99790042467,12.99846768,2.99879142244,-21.6515365081,-47809943.5905,-47809965.2421
12.9980575406,2.99527117968,12.9966540746,2.99698834106,-21.6214434148,-47805940.9501,-47805962.5715
12.9988369904,2.99864660924,12.9991867012,2.99906619995,-21.6590721843,-47811461.1873,-47811482.8464
12.9999055721,2.99975500363,12.9999728493,2.9997980526,-21.6728903052,-47814292.9711,-47814314.644
12.9965041777,2.99557808629,12.9970372327,2.99672590716,-21.6199533801,-47804489.9358,-47804511.5557
12.998253394,2.99639769761,12.9973063475,2.99790558595,-21.6349494609,-47807417.9551,-47807439.5901
12.9972353486,2.99300984855,12.9950958616,2.9955306017,-21.5956352869,-47801998.7586,-47802020.3542
12.9977896464,2.99725375357,12.9984181086,2.9980879653,-21.6421393976,-47808645.1096,-47808666.7518
12.9998805947,2.99982710809,12.9999551259,2.99988916518,-21.6738054398,-47814240.4996,-47814262.1734
12.9952062007,2.99440846086,12.9961025495,2.99566051087,-21.6032360528,-47801056.0229,-47801077.6261
12.9982458414,2.99637951019,12.9972915812,2.99789529375,-21.6347454675,-47807381.7712,-47807403.4059
12.9994966577,2.99939161789,12.9997370935,2.999599834,-21.6685545718,-47813322.5828,-47813344.2513
12.9975801017,2.99415948675,12.9958449823,2.99633737123,-21.6089708495,-47803847.5635,-47803869.1725
12.9971331016,2.99631727828,12.9979000048,2.99742724583,-21.6308128787,-47806812.0543,-47806833.6851
12.9999277119,2.99979567132,12.9999883959,2.99981599647,-21.6732984531,-47814351.5504,-47814373.2237
13.0001029615,2.99992962896,13.0000357711,2.99982117699,-21.6744671429,-47814673.8879,-47814695.5624
12.9913035232,2.99001290637,12.9928806506,2.99221995409,-21.5457638878,-47789969.2211,-47789990.7669
12.9983927754,2.99638772773,12.9972112407,2.9979570981,-21.6352648509,-47807441.2707,-47807462.9059
13.0000325229,2.99998732303,13.0000645214,2.99989998421,-21.6752235636,-47814632.7289,-47814654.4042
12.9996579043,2.99975964907,12.9998773917,2.9998578567,-21.6727622838,-47813805.312,-47813826.9847
12.9963320441,2.9925534711,12.994758527,2.99502645287,-21.5880350231,-47800234.3332,-47800255.9212
12.9982598994,2.99792450801,12.9987892027,2.99856120845,-21.6502554021,-47809956.2659,-47809977.9162
12.9998651292,2.99976261391,12.9999443223,2.99984257179,-21.6730995893,-47814195.4064,-47814217.0795
13.0001245113,2.99990854741,13.0000355088,2.99979344962,-21.6742062493,-47814699.6617,-47814721.3359
12.987285566,2.98566770413,12.9894211293,2.98863089938,-21.4873093352,-47778279.0273,-47778300.5147
12.9972874463,2.99443906241,12.99581954,2.99681428689,-21.613019958,-47803486.1441,-47803507.7571
12.999716464,2.99963634129,12.9998703662,2.99972335086,-21.6712929608,-47813858.8861,-47813880.5574
12.9960710955,2.99203846025,12.9944687329,2.99453814244,-21.5812156815,-47799345.201,-47799366.7822
12.9965245318,2.99544923313,12.9974197598,2.99681480647,-21.6203188598,-47805110.3617,-47805131.982
12.9998315825,2.99968131809,12.9999334719,2.99978480148,-21.6721987316,-47814123.8246,-47814145.4968
13.0001624053,2.99987147661,13.0000350475,2.99974469251,-21.6737474936,-47814744.8988,-47814766.5725
12.9904677996,2.98903681614,12.9921761466,2.99144973268,-21.5330449515,-47787559.1027,-47787580.6357
12.997547782,2.99495286343,12.9961086533,2.99730145023,-21.6198328238,-47804371.2612,-47804392.8811
12.9951757948,2.99453544687,12.9960868165,2.99571850515,-21.6042729702,-47800999.8854,-47801021.4897
12.9971701914,2.99441146121,12.996091592,2.99617457875,-21.6092576895,-47803749.7994,-47803771.4086
12.9957296698,2.99431546639,12.9967925047,2.99601489027,-21.6066194901,-47802884.0144,-47802905.621
12.9882855605,2.98679158721,12.9902659275,2.98952917083,-21.5021031114,-47781174.3081,-47781195.8102
12.9982719314,2.99644365998,12.9974071567,2.99794589064,-21.6356450162,-47807615.4593,-47807637.095
12.9956097415,2.99451563976,12.9960318909,2.99594368949,-21.6060699982,-47801542.3605,-47801563.9665
12.995571712,2.99105287219,12.9939141474,2.99360365156,-21.5681710741,-47797642.4904,-47797664.0585
12.9945419076,2.99373623245,12.9954940844,2.99505512009,-21.593689871,-47799085.6683,-47799107.262
12.9987157824,2.99733099255,12.9980133843,2.99842535643,-21.6454058825,-47809284.2186,-47809305.864
12.9804365914,2.9779702158,12.9836350965,2.98247862768,-21.3862206624,-47758326.5025,-47758347.8887
12.9961878582,2.99415757905,12.995689195,2.99610974068,-21.6052763065,-47801773.0756,-47801794.6809
12.9987357881,2.99739073703,12.9982748246,2.9980703336,-21.6440581112,-47809720.0394,-47809741.6835
12.9980800545,2.99766798287,12.9986472805,2.99838022006,-21.6471511664,-47809454.999,-47809476.6461
12.9920037539,2.990820107,12.9934847426,2.99280351794,-21.5560140455,-47792002.2022,-47792023.7582
12.9956789934,2.99126776424,12.9940620008,2.99375509917,-21.5707400474,-47798054.3488,-47798075.9196
12.9958403072,2.9942773418,12.9965260918,2.99603779352,-21.6062951104,-47802631.2673,-47802652.8736
12.9936635219,2.99297081611,12.9949116733,2.99442359983,-21.5831526878,-47796835.4765,-47796857.0596
12.9957303978,2.99416896178,12.995665101,2.99582091304,-21.6028941892,-47801097.0895,-47801118.6924
12.9869668292,2.9848834445,12.9891000938,2.98822688855,-21.4792868323,-47777241.7589,-47777263.2382
12.9957615195,2.99395714496,12.9955578783,2.99582496595,-21.601538501,-47800954.4493,-47800976.0508
13.0013701632,2.99968630454,13.0000215393,2.99996433209,-21.6757459404,-47816305.9257,-47816327.6014
12.9991343204,2.99923795621,12.9999853525,2.99952855375,-21.6670344015,-47813190.2147,-47813211.8817
12.9908083837,2.98941999685,12.9925041621,2.99170501731,-21.537852107,-47788597.8372,-47788619.375
12.9954945343,2.98987196403,12.9932457889,2.99270044154,-21.5546190122,-47796250.7425,-47796272.2971
12.9913516302,2.9909562573,12.9933787802,2.99276145253,-21.5554392084,-47790875.7969,-47790897.3524
12.9717496426,2.9687692574,12.9768020015,2.97490015137,-21.2639758037,-47733423.4112,-47733444.6751
12.9983275023,2.99781723866,12.9986303711,2.99849961827,-21.6491066999,-47809790.2064,-47809811.8555
12.9957484974,2.99404577407,12.9956027428,2.99582327012,-21.6021057304,-47801014.2752,-47801035.8773
12.9959329527,2.99494837489,12.9964164127,2.9960552196,-21.6103855812,-47802633.0545,-47802654.6648
12.9971045246,2.99619117699,12.9977233891,2.99735996778,-21.6293475216,-47806485.211,-47806506.8403
12.9832355133,2.98121455596,12.9862650078,2.98502770997,-21.4286713469,-47766888.6302,-47766910.0589
12.9955844074,2.99091259681,12.9938957472,2.99338815026,-21.5660385369,-47797603.1625,-47797624.7285
12.9958080803,2.99414637014,12.9961300587,2.99595073963,-21.6043493915,-47801952.1505,-47801973.7548
12.9917943487,2.99134203765,12.9936723234,2.99307974742,-21.5607439732,-47792021.2033,-47792042.764
12.995769502,2.99422650887,12.9957236747,2.99586471062,-21.6036466054,-47801250.9654,-47801272.569
12.9751118312,2.97241229344,12.9795720494,2.97786472958,-21.3120737856,-47743286.5036,-47743307.8157
12.9971816607,2.99620762014,12.997322095,2.99731777444,-21.628707176,-47805958.6321,-47805980.2608
12.9957612802,2.99395877318,12.9955587025,2.99582493479,-21.6015489214,-47800955.5502,-47800977.1517
12.9966513796,2.99547645763,12.9971664739,2.99686740162,-21.6206070251,-47804902.0895,-47804923.7101
12.98289346,2.98085093198,12.985987062,2.98472584309,-21.4237966641,-47765907.3071,-47765928.7309
12.9940380197,2.9844023228,12.9897266693,2.98871424753,-21.4908595356,-47787510.723,-47787532.2139
12.9957305749,2.9940241254,12.9960348046,2.9958664917,-21.6028557426,-47801680.7836,-47801702.3865
12.9921070837,2.99147033621,12.9937520792,2.99328625979,-21.5633307789,-47792628.7758,-47792650.3391
12.9961523945,2.99476806034,12.9963530346,2.99630041729,-21.6110087755,-47802843.8814,-47802865.4924
12.9690790927,2.96574652867,12.9745436022,2.97246675035,-21.2245311258,-47725460.8406,-47725482.0651
12.995145827,2.99353817211,12.9952536406,2.99539724952,-21.5950975066,-47799569.9879,-47799591.583
12.9950728252,2.99016142497,12.9933798767,2.99272308495,-21.5560482602,-47795983.0357,-47796004.5918
12.9962551606,2.99485152416,12.9966795206,2.99643671359,-21.6129671199,-47803516.6888,-47803538.3018
12.9748324107,2.97240444256,12.9795363536,2.97766073165,-21.310350961,-47742749.5539,-47742770.8642
12.9940577866,2.98456533655,12.9898252888,2.98883349438,-21.4927149252,-47787738.9964,-47787760.4891
12.9954407514,2.99358801876,12.9957776957,2.99557662884,-21.5976958754,-47800825.2283,-47800846.826
12.9868620414,2.98691228874,12.990342113,2.98925272097,-21.4991572422,-47779042.8328,-47779064.332
12.9957404046,2.99418301875,12.9956765264,2.99583123421,-21.6030720833,-47801130.6441,-47801152.2471
12.9581406581,2.9575704888,12.9678895106,2.96534616445,-21.10864952,-47695936.6907,-47695957.7993
12.9979536185,2.99729202621,12.9982034856,2.99811398709,-21.642448576,-47808540.6415,-47808562.2839
12.9946351772,2.99298714794,12.9948942108,2.9950271597,-21.5882887355,-47798233.4062,-47798254.9945
12.9948806137,2.99008536385,12.9933087638,2.99264184496,-21.5547152094,-47795609.07,-47795630.6247
12.9916043347,2.98997831835,12.9929577815,2.99236049442,-21.546962786,-47790536.4249,-47790557.9718
12.9844064376,2.98260130657,12.9871554534,2.9860814642,-21.4462374921,-47770169.2924,-47770190.7386
12.9946826874,2.98682323982,12.9912842663,2.99047857621,-21.5190570583,-47791421.0425,-47791442.5615
12.997922099,2.99592272895,12.9976015819,2.99765678535,-21.6305622282,-47807422.3561,-47807443.9866
12.9891767129,2.98840879075,12.9916187977,2.99076959778,-21.5224802664,-47784694.571,-47784716.0934
12.9963805174,2.99487048289,12.9961226991,2.99629208263,-21.6115679888,-47802791.7039,-47802813.3155
12.9685246758,2.96817881378,12.9760070939,2.97398941473,-21.2491352296,-47726504.951,-47726526.2002
12.9947235016,2.98933036943,12.9928731133,2.9920540842,-21.5458195634,-47794575.3139,-47794596.8597
12.9909752177,2.9893393546,12.9925449859,2.9918328709,-21.538445622,-47788909.9589,-47788931.4974
12.9698104211,2.96813108075,12.9761691643,2.97402677982,-21.2512360617,-47729073.9177,-47729095.169
12.9942116207,2.98689803679,12.991228937,2.99054948854,-21.5191358732,-47790791.006,-47790812.5251
12.9999343986,2.99792715198,12.9991374639,2.99921857798,-21.6572462146,-47812830.6148,-47812852.272
12.9802125378,2.98171557034,12.9864480359,2.98431299629,-21.423149098,-47762002.5405,-47762023.9636
12.9955239776,2.99394622107,12.9955198086,2.9956713115,-21.6001407925,-47800558.21,-47800579.8102
12.9496368506,2.94987493908,12.9618560906,2.95902056191,-21.0052491484,-47671223.5938,-47671244.599
12.9941898399,2.99250660021,12.9945807523,2.99470440465,-21.5823523299,-47797065.8097,-47797087.3921
12.9947158133,2.98927509633,12.9928378227,2.9920166245,-21.5452023298,-47794498.6277,-47794520.1729
12.9869093685,2.98522156758,12.9898859798,2.98840193125,-21.48342819,-47778308.8149,-47778330.2983
12.9744096911,2.97272807501,12.9798587094,2.97789340394,-21.3134830933,-47742464.7538,-47742486.0673
13.0055038087,2.99331838758,12.9969237361,2.99638209826,-21.6177188008,-47813794.6597,-47813816.2774
12.9953238826,2.99347340927,12.9956969869,2.99547834483,-21.5961270929,-47800521.2667,-47800542.8628
12.9731026793,2.97564357569,12.9818919359,2.97886415058,-21.3375037532,-47742728.5898,-47742749.9273
12.9968309741,2.99535655478,12.996439761,2.99661854791,-21.6175796831,-47803963.5672,-47803985.1848
12.9095608722,2.91871092434,12.9367004306,2.93221938683,-20.5746554636,-47552551.9776,-47552572.5523
12.9977870663,2.99848109645,12.9987848299,2.9989746505,-21.6553539724,-47809338.7154,-47809360.3708
12.9935637799,2.99197286323,12.9939645235,2.99427714295,-21.5747507284,-47795156.9137,-47795178.4885
12.9948137275,2.98984103293,12.9931627624,2.99245941317,-21.5518508801,-47795247.0028,-47795268.5547
12.9800269055,2.97834250998,12.9843648519,2.98261581786,-21.3897146721,-47758672.7485,-47758694.1382
12.9810518532,2.97941435991,12.9845909342,2.98361039633,-21.4038261856,-47760823.3795,-47760844.7833
12.9930795125,2.98080284638,12.9874107975,2.9860910021,-21.4490024683,-47781574.6823,-47781596.1313
12.9950292908,2.99143944972,12.9943118057,2.9938012428,-21.5714404808,-47797650.719,-47797672.2904
12.9734806678,2.97594523509,12.982114959,2.97914888278,-21.3418669757,-47743741.6827,-47743763.0245
12.9941809162,2.99211402655,12.994059589,2.99433734067,-21.5770202463,-47796175.3651,-47796196.9421
12.9413407225,2.94627814705,12.9582421999,2.95554836634,-20.9464596452,-47649191.4938,-47649212.4402
12.993705747,2.99192119035,12.9939981654,2.99423104151,-21.5744299436,-47795402.3929,-47795423.9674
12.9903577715,2.98557523474,12.9899210764,2.98886869192,-21.493524244,-47783492.0219,-47783513.5154
12.9830031985,2.98131733036,12.9867524411,2.98511799898,-21.4301986491,-47767194.5369,-47767215.9671
12.9742536701,2.97257213116,12.979733549,2.97776223644,-21.3113689795,-47742012.2577,-47742033.5691
12.9926851901,2.98149426405,12.9877744836,2.98649343034,-21.4554449602,-47781978.5318,-47781999.9872
12.9629190559,2.96411555544,12.9726673805,2.97066511961,-21.1923795535,-47711413.0288,-47711434.2212
12.9540195163,2.96041397183,12.9706323677,2.96448913467,-21.1181788309,-47689881.4838,-47689902.602
12.9945197564,2.99244370999,12.9942916763,2.99461794825,-21.5815211866,-47797050.143,-47797071.7245
12.9015859288,2.91179311208,12.9312946661,2.92636513367,-20.4822303159,-47527606.0398,-47527626.522
12.9961634428,2.9923839121,12.9948619545,2.99453111231,-21.5839633421,-47800151.8303,-47800173.4143
12.9937411456,2.99201343373,12.9939918454,2.99429444384,-21.5754029709,-47795451.6631,-47795473.2385
12.9891268484,2.98346996538,12.9885886156,2.98710797237,-21.4667049038,-47779394.0178,-47779415.4845
12.9756424946,2.97396026847,12.9808476672,2.97892982659,-21.330193998,-47746035.7854,-47746057.1156
12.9778664551,2.97621710394,12.9822045221,2.98089476069,-21.3604938807,-47751911.7407,-47751933.1012
12.9504052382,2.94861544904,12.9612372114,2.95823376894,-20.9935779697,-47672059.5907,-47672080.5843
12.9740996639,2.97362264659,12.9801317634,2.9786916268,-21.3234197341,-47742375.5651,-47742396.8885
12.9378922219,2.94982271433,12.962383786,2.95409869395,-20.9596050186,-47644362.195,-47644383.1546
12.897466813,2.90827915124,12.928516086,2.92338995886,-20.4352596424,-47514642.7821,-47514663.2173
12.9965235549,2.99243293494,12.9950076986,2.99456630959,-21.5852246773,-47800862.7289,-47800884.3141
12.9951080795,2.98788709433,12.9922222138,2.99086061588,-21.5297068888,-47793713.0566,-47793734.5863
12.9847790158,2.98290721119,12.9873590632,2.98652330367,-21.451540844,-47771094.0903,-47771115.5418
12.9704441297,2.96876447574,12.9766775268,2.97455954106,-21.2598036541,-47730925.3275,-47730946.5874
13.0005730151,2.98684065842,12.9922458052,2.99125395198,-21.5340569059,-47799005.5902,-47799027.1243
12.9421472394,2.94639540577,12.9586555981,2.95566195212,-20.9496132042,-47651373.2466,-47651394.1962
12.9361082147,2.94865110557,12.9614713249,2.95294929961,-20.9421226554,-47639221.0628,-47639242.005
12.9940785585,2.99209061332,12.9940438215,2.99432735632,-21.5766438127,-47796007.8319,-47796029.4085
12.8852523291,2.8976829888,12.9202315088,2.91442144587,-20.2946326722,-47475755.2749,-47475775.5695
13.000937743,2.996777727,12.9982484729,2.99824582257,-21.6447021679,-47812407.4742,-47812429.1189
13.0033123227,2.996731106,12.9991801366,2.99815099938,-21.6488151183,-47816765.1118,-47816786.7606
12.9604318654,2.95871761258,12.9691430099,2.96603131434,-21.1246409453,-47701967.05,-47701988.1746
12.9210827401,2.92056800511,12.9396900053,2.93497392312,-20.6224736389,-47583274.8545,-47583295.477
12.9349823573,2.94029534312,12.9538530711,2.95050622233,-20.8666398325,-47630099.8741,-47630120.7408
12.975806248,2.98843674633,12.9936630677,2.98302408844,-21.4596450826,-47760551.7837,-47760573.2433
12.9946095195,2.99301498647,12.9946287712,2.99510147501,-21.5884631482,-47797782.0984,-47797803.6868
12.9077039703,2.9201841773,12.9384378883,2.93143055969,-20.5783385664,-47549018.4723,-47549039.0507
12.9902008011,2.98676590993,12.9905701526,2.98977526064,-21.5067400781,-47784454.7155,-47784476.2222
12.9724552576,2.97017609889,12.9778932194,2.97583795418,-21.2804636336,-47736217.7061,-47736238.9865
12.9622239801,2.96536996738,12.9742710525,2.97011165468,-21.1978326446,-47711673.407,-47711694.6048
12.9595258129,2.95535433322,12.9665503881,2.96396838703,-21.0877324107,-47696868.0462,-47696889.1339
12.9565511018,2.94322177925,12.9589518831,2.9553187274,-20.9511386093,-47680099.274,-47680120.2251
12.8781182396,2.89013274104,12.9149174795,2.90801843908,-20.1980394112,-47452212.2124,-47452232.4104
12.8888808756,2.91304147693,12.9347625578,2.91897862914,-20.4336678369,-47495544.9484,-47495565.3821
12.8858950939,2.90040360853,12.922805555,2.9152287104,-20.3191826092,-47479328.5666,-47479348.8858
12.978524269,2.97480899304,12.9814269526,2.97995179186,-21.3464194803,-47751764.5741,-47751785.9206
12.9660903002,2.96372542088,12.973139186,2.97039547996,-21.1939422339,-47718013.9202,-47718035.1141
12.9640017853,2.97196920453,12.9793581487,2.97415941436,-21.2706879145,-47720883.2705,-47720904.5412
12.9653329149,2.96130087931,12.9710975854,2.96885390311,-21.166518625,-47713867.0912,-47713888.2578
12.9093155282,2.90945644161,12.931139963,2.92575996033,-20.4767758925,-47546579.1341,-47546599.6109
12.8730129191,2.8847296081,12.9111146365,2.90343629847,-20.1291678198,-47435244.336,-47435264.4651
12.8386114865,2.88004225539,12.9097763638,2.88550222777,-19.9508753274,-47315927.3305,-47315947.2814
12.9905773207,2.98854222231,12.9914287213,2.99133355838,-21.5284509374,-47786548.7263,-47786570.2548
12.8477207845,2.86530617748,12.894861069,2.88701455656,-19.8696479841,-47339700.7892,-47339720.6588
12.9820471998,2.97841651888,12.9841855509,2.98291563428,-21.3946831723,-47761713.0804,-47761734.4751
12.9815025895,2.97899726266,12.984250456,2.98353738058,-21.4010896014,-47761038.6514,-47761060.0525
12.9338896644,2.93639638167,12.9516814494,2.94723058005,-20.820370795,-47625229.264,-47625250.0843
12.9755280687,2.96718801371,12.9758316794,2.97441623838,-21.2560294509,-47737917.3744,-47737938.6304
12.9141341899,2.91409846035,12.9346852175,2.92961674349,-20.5373950913,-47561730.635,-47561751.1724
12.7963494807,2.81543139385,12.8568412319,2.84613889601,-19.2481855561,-47115748.4327,-47115767.6808
12.7737419828,2.8352638826,12.8759307684,2.84110079744,-19.3215484629,-47040888.9143,-47040908.2359
12.9867121962,2.98413830519,12.9882213941,2.98768369894,-21.469932525,-47775472.6335,-47775494.1035
12.8293902528,2.85216710478,12.8840645078,2.87548396469,-19.6918788969,-47265282.0037,-47265301.6956
12.9757369356,2.9716331095,12.9791139895,2.9773196968,-21.3045136268,-47743618.0781,-47743639.3826
12.9799380729,2.97731413351,12.9829903964,2.98214427303,-21.3786507031,-47756555.4308,-47756576.8094
12.942498772,2.94417744293,12.9576367927,2.95382369933,-20.9250987798,-47650962.2733,-47650983.1984
12.9149260291,2.9226160339,12.9407867621,2.93476169134,-20.6254212747,-47569272.0482,-47569292.6736
12.9529145345,2.94824182571,12.9612256729,2.95808144252,-20.9942412626,-47677071.3099,-47677092.3042
12.9822903234,2.96176376991,12.9741216317,2.97166384323,-21.2155905537,-47741692.0459,-47741713.2615
12.7516396781,2.77501695971,12.825189205,2.81272328605,-18.750349012,-46906666.6924,-46906685.4428
12.7633321125,2.82809243389,12.8705258316,2.83398017607,-19.2223032013,-46994752.253,-46994771.4753
12.8031084687,2.83332868386,12.8685847119,2.85895173687,-19.4393288401,-47154160.1953,-47154179.6347
12.9765508299,2.97246729131,12.9797519241,2.97800577294,-21.3156502224,-47745936.1469,-47745957.4625
12.8714733793,2.88112776845,12.9083608646,2.90116503144,-20.0901748179,-47428864.5064,-47428884.5966
12.9737681207,2.9758050371,12.982443655,2.97873961712,-21.339539064,-47744616.9245,-47744638.2641
12.9012486821,2.90861001643,12.9292752028,2.9238931023,-20.446691678,-47524912.5898,-47524933.0365
12.9750841961,2.95659851709,12.9698772707,2.96713091892,-21.1416921015,-47725458.919,-47725480.0607
12.7269523788,2.75335707068,12.8082323388,2.79459079798,-18.4861860008,-46787478.4443,-46787496.9305
12.6625183076,2.758640941,12.8181820241,2.76502091778,-18.2840834705,-46482636.3016,-46482654.5857
12.9843266234,2.9817351073,12.9863792478,2.98573293667,-21.4377494116,-47768843.2837,-47768864.7215
12.8021674818,2.83260687221,12.8680028,2.85832906678,-19.4298775353,-47149986.4996,-47150005.9295
12.8888750479,2.89542311874,12.9194515131,2.91352081275,-20.2810921128,-47484409.013,-47484429.2941
12.9777254901,2.97508520375,12.9812818336,2.98033497047,-21.3489069001,-47750315.1601,-47750336.509
12.8040420698,2.82151189647,12.8616424113,2.8514391086,-19.3270363596,-47150120.345,-47150139.6721
12.9129315787,2.91793799275,12.9373574672,2.93156170861,-20.5724599799,-47561254.6,-47561275.1725
12.8982475522,2.90621382403,12.9271990118,2.92192317276,-20.4144863282,-47515491.842,-47515512.2565
12.8484338724,2.85104992304,12.8865160513,2.87719076231,-19.7266409612,-47334651.2601,-47334670.9868
12.7020262943,2.73148767872,12.7911114591,2.77628292537,-18.2229336238,-46651985.8733,-46652004.0963
12.3859376119,2.56872044401,12.675068982,2.57609213132,-15.9278709467,-44571712.8766,-44571728.8045
12.7650522395,2.80907610369,12.85079888,2.83316198243,-19.0912157234,-46986611.0377,-46986630.1289
12.6719755009,2.75452753792,12.8140577673,2.76799947567,-18.2858998857,-46525943.51,-46525961.7959
12.775917217,2.79669301071,12.8421976476,2.8307192093,-19.0167685202,-47021199.3322,-47021218.349
12.8622243804,2.87311041493,12.9021960659,2.89422858973,-19.9845644126,-47394964.5562,-47394984.5407
12.9135962016,2.9195141522,12.9376433979,2.93320356357,-20.5922185432,-47563431.7156,-47563452.3078
12.8714499021,2.86363964644,12.895967017,2.89143293106,-19.9214953842,-47417798.0688,-47417817.9903
12.6948050642,2.73702417563,12.7966254756,2.77429240567,-18.2378129783,-46622181.2046,-46622199.4424
12.2076325622,2.45289542783,12.5884287039,2.45646445298,-14.6151685604,-42951321.3171,-42951335.9322
12.9867383622,2.98416466447,12.9882415995,2.98770509572,-21.4702857479,-47775545.1501,-47775566.6203
12.7295340798,2.79119647277,12.8355843998,2.81440699786,-18.8256630648,-46827839.3349,-46827858.1606
12.6523086331,2.74376979959,12.8059820524,2.75582974646,-18.1311500254,-46417896.3246,-46417914.4557
12.9761275967,2.97347550484,12.9800479356,2.97902831989,-21.3274480972,-47745789.8627,-47745811.1902
12.7666526447,2.78846720221,12.8357882399,2.82382827335,-18.9149305781,-46977880.4551,-46977899.3701
12.7071494377,2.7735601101,12.8278635516,2.79052083395,-18.5674964217,-46712592.4827,-46712611.0502
12.8706341455,2.88150629228,12.908017701,2.90133928845,-20.09150431,-47426526.9939,-47426547.0854
12.8088067415,2.82072543736,12.8619358673,2.85133394416,-19.329658336,-47168246.7653,-47168266.095
12.6969164024,2.74031756133,12.7989939697,2.77673115816,-18.2730127838,-46635180.2586,-46635198.5317
11.5757511154,2.02485766901,12.2664267187,2.02679555802,-10.8658259798,-34544733.2778,-34544744.1436
12.7195554926,2.7874794619,12.832267362,2.8097587529,-18.7629790459,-46779968.405,-46779987.168
12.4644714804,2.62526770466,12.7181953092,2.63064008016,-16.5846786981,-45197896.2277,-45197912.8123
12.6475340741,2.72878576074,12.7937699416,2.74853454835,-17.9960614682,-46379780.9336,-46379798.9297
12.878709191,2.86057601279,12.8914818856,2.89589158486,-19.9337125095,-47432318.7562,-47432338.6899
12.6795880826,2.7296409876,12.791443989,2.76480201893,-18.124054377,-46541187.0679,-46541205.1919
10.3891845025,1.22107506677,11.6617613865,1.21994995763,-8.14053227415,-7980231.75673,-7980239.89726
12.9886343457,2.98607465582,12.9897056834,2.98925550448,-21.495893251,-47780788.2815,-47780809.7773
12.1462219603,2.40993187979,12.5561889975,2.41430785268,-14.1729784635,-42315171.9181,-42315186.0911
12.5754372203,2.6186912614,12.7035017642,2.68160333164,-16.9229963476,-45874948.5135,-45874965.4365
12.9127214247,2.91031664452,12.9295702595,2.93016552643,-20.509496838,-47554040.6754,-47554061.1849
12.8288023698,2.82817378317,12.8685827256,2.8606483468,-19.4584732109,-47249683.2026,-47249702.6611
12.7021626414,2.73024329507,12.7898058988,2.77625865065,-18.2149874416,-46651462.8393,-46651481.0543
10.1819364678,1.08271292735,11.557877315,1.07967222723,-8.23973267091,-5028689.68789,-5028697.92762
12.6528878049,2.76264583394,12.8101059842,2.77870348026,-18.3485273279,-46435145.3296,-46435163.6782
11.8130043592,2.1930154645,12.3943536241,2.19028146281,-12.1222797446,-38275090.4161,-38275102.5384
12.9552755712,2.95529670462,12.9658103097,2.963672166,-21.0782285213,-47687675.3859,-47687696.4641
12.2823187814,2.35843789081,12.5007168406,2.46358350925,-14.2766688997,-43317755.9058,-43317770.1825
12.0422098626,2.32466152836,12.4903482771,2.33881531188,-13.3890852232,-41105615.9622,-41105629.3513
12.9617534115,2.94275423878,12.9539576042,2.96321189758,-20.9948261959,-47678571.4441,-47678592.4389
12.9547832758,2.9867796782,12.9928356231,2.97346119725,-21.3606478888,-47708911.6817,-47708933.0423
10.0476910633,0.991443111876,11.4898444316,0.987364809272,-8.39949450693,-3982140.68064,-3982149.08014
12.556200593,2.68314122308,12.7609679408,2.69175422173,-17.3234712709,-45839339.3512,-45839356.6746
12.6556940105,2.75917701661,12.808144604,2.77724243332,-18.3246814283,-46446324.2928,-46446342.6175
11.6327366355,2.0756656357,12.3068021433,2.06908520175,-11.1893016299,-35588473.5848,-35588484.7741
12.1487882699,2.24119020947,12.4091026631,2.36524030323,-13.2428130841,-41783604.7349,-41783617.9777
12.2077643188,2.44012647241,12.5775138399,2.45249559024,-14.5366091292,-42918028.3554,-42918042.892
12.6716353366,2.74774458699,12.8076878102,2.76621335884,-18.2331654183,-46518075.0483,-46518093.2814
12.7356765688,2.79348454203,12.8376262588,2.81726830411,-18.8643334787,-46855011.033,-46855029.8974
12.6608871602,2.71775873432,12.7826097248,2.75230340491,-17.9636817725,-46436852.8575,-46436870.8212
12.4917762906,2.63016597438,12.7282264426,2.63381848008,-16.6729162091,-45380214.6232,-45380231.2961
12.6551579066,2.74990752203,12.8023029421,2.77121151938,-18.2381905117,-46435692.863,-46435711.1012
11.2167743392,1.80657346765,12.1062536663,1.78996363896,-9.51376308036,-27855662.8697,-27855672.3834
12.8871394447,2.90750127217,12.9308845933,2.91518244141,-20.3725818427,-47487870.124,-47487890.4966
12.3797231509,2.37855186812,12.5101397734,2.51668475437,-14.6996393701,-44146408.8233,-44146423.5229
11.842903315,2.18922206356,12.3848896108,2.20803138472,-12.1847687021,-38557448.1335,-38557460.3182
12.8081018539,2.84250469593,12.8743540401,2.86669200425,-19.5463462357,-47178519.0267,-47178538.5731
12.6623124387,2.70976101243,12.7777106015,2.7475995933,-17.8962722812,-46437077.3274,-46437095.2237
10.1325379715,1.05060167814,11.5345806953,1.04561389264,-8.28950733344,-4577680.02803,-4577688.31754
12.8993155299,2.89341754301,12.9270326576,2.90354666338,-20.2403204844,-47514935.8638,-47514956.1041
11.8503501596,2.2170222197,12.4033959724,2.22687693448,-12.3510191038,-38778955.4822,-38778967.8332
11.7062389235,2.12460448331,12.3419376853,2.12101144512,-11.5629489638,-36735533.1014,-36735544.6644
11.860081851,1.96148031035,12.1890113634,2.14383044495,-11.2489968862,-37371499.787,-37371511.036
12.0534036178,2.32523591011,12.4872390703,2.34809457263,-13.432146648,-41210237.3013,-41210250.7334
12.4452026222,2.60142159275,12.6962223889,2.61751542301,-16.3618422616,-45036105.7344,-45036122.0962
10.1028465535,1.0282432647,11.517343495,1.02486815366,-8.32661963356,-4328575.3108,-4328583.63742
12.235009802,2.35836356618,12.5090502812,2.43465176379,-14.1158483238,-42922198.9689,-42922213.0848
11.6141956353,2.13024836883,12.3385315044,2.09931750123,-11.4123830782,-35776655.4676,-35776666.88
11.7184390888,2.15635365376,12.3707607299,2.13436642808,-11.7307881822,-37070479.236,-37070490.9668
12.9236909756,2.93501617314,12.9533900084,2.9388114105,-20.7512744379,-47600898.4412,-47600919.1925
12.1094057091,2.19839186407,12.3737031676,2.3355905388,-12.9205186757,-41254167.1534,-41254180.0739
11.8072398314,2.17383804056,12.373596755,2.18741945288,-12.0270976612,-38106252.0526,-38106264.0797
12.2664711835,2.50008253123,12.6192908981,2.50606237685,-15.1144258991,-43539053.7962,-43539068.9106
9.86518250739,0.858764467582,11.390966551,0.857814673472,-8.75915639266,-3539746.14911,-3539754.90826
12.3920178025,2.52456575588,12.6430724858,2.5564385595,-15.6221143518,-44536001.3057,-44536016.9279
11.2596474566,1.92922285282,12.1859230985,1.87822895177,-9.96013228228,-29876076.7758,-29876086.7359
11.6678238091,2.09964415267,12.3234402724,2.09502950534,-11.3689700076,-36150595.229,-36150606.598
11.3902158763,1.89266139463,12.1680876181,1.89606722417,-10.0457492003,-31078138.5124,-31078148.5581
11.4675114483,1.44119280811,11.7733631249,1.79391590734,-9.19840058356,-26104641.959,-26104651.1574
11.5814599057,2.07644420202,12.3021034545,2.05692854281,-11.0984282612,-35017961.9574,-35017973.0559
12.229789979,2.47465508019,12.6004029328,2.4805271741,-14.8379282912,-43186671.5722,-43186686.4101
12.2181449713,2.24415298981,12.4081794056,2.39674180406,-13.4512533816,-42431612.8842,-42431626.3354
9.47747156659,0.595915694271,11.193398192,0.593858565083,-9.9179823167,-8774204.03184,-8774213.94983
12.9271720345,2.66290166489,12.7383562752,2.82951512672,-18.4231682749,-46845641.9583,-46845660.3815
12.0370987738,2.52603188844,12.6291325282,2.44713706604,-14.7078113834,-41749427.3631,-41749442.0709
11.3236376155,1.86448354828,12.1485269592,1.85762331859,-9.84738603271,-29924357.8439,-29924367.6913
11.1232521845,1.71392181908,12.0352390642,1.71328429891,-9.15261473287,-25337199.4361,-25337208.5887
10.7981556856,0.727433810642,11.211629759,1.25377581593,-9.01120034415,-4597519.48186,-4597528.49306
11.2627245276,1.93895251905,12.201175774,1.87271345172,-9.99182462379,-30023801.237,-30023811.2288
11.9357565932,2.2579159936,12.4395638434,2.26958441453,-12.752966276,-39826258.0897,-39826270.8426
11.7325366517,2.00898414868,12.2427724044,2.09361381325,-11.134084284,-36222730.4089,-36222741.543
10.3859673017,1.21276151043,11.6576666665,1.21194098382,-8.15155119431,-7824759.72597,-7824767.87753
11.9816326105,2.07076276086,12.2802610364,2.22641417879,-11.9698770193,-39381239.4715,-39381251.4414
11.3007954562,1.94922711616,12.2013596733,1.90204684379,-10.0965204667,-30587562.4539,-30587572.5505
10.9570650339,1.70465067089,12.0375103988,1.63706224639,-8.9264493834,-23015776.3544,-23015785.2808
10.5075856518,1.29065746106,11.7207875551,1.2863980569,-8.17827834079,-10154332.1079,-10154340.2862
10.6218295193,0.52729129928,11.0524144398,1.10886247615,-9.56651967314,-4421330.1163,-4421339.68282
10.569749738,1.55508153178,11.915099629,1.43716941925,-8.30238214121,-15655981.5843,-15655989.8867
11.9538242682,2.31950200848,12.4825004397,2.3091980619,-13.1532974673,-40267261.9638,-40267275.1171
12.2604732024,2.44148193718,12.572959733,2.47944670638,-14.7084696225,-43350930.8087,-43350945.5172
12.7542088053,2.60810556173,12.6781346231,2.76687328268,-17.5105023052,-46500613.5665,-46500631.077
12.6884430148,2.32332963908,12.4477255163,2.63298577754,-15.3533232203,-44977561.8101,-44977577.1634
10.8953439972,1.8578038245,12.1383215142,1.70253962898,-9.21085249406,-24543389.548,-24543398.7588
10.2232563017,1.41666777327,11.8432762726,1.20503930861,-8.09448455172,-9795795.85426,-9795803.94875
10.1529507017,1.08269506173,11.5696679829,1.05270142783,-8.27706343136,-4898002.24675,-4898010.52382
10.189136444,1.35924932299,11.7689670883,1.20523192043,-8.00335687394,-8626140.12796,-8626148.13132
11.4419489666,1.96795543649,12.2230394771,1.95205494786,-10.3988075657,-32469233.5473,-32469243.9461
11.1156908373,1.83597779321,12.1247080718,1.76985410224,-9.44735174703,-26956612.5,-26956621.9474
12.4196583723,2.92561042255,12.9791688756,2.70281493694,-18.7744064959,-45327989.9209,-45328008.6953
9.90863190804,0.926461586539,11.4458507302,0.899947615131,-8.58198852191,-3569864.25126,-3569872.83325
11.8600657593,2.04693046895,12.2643765462,2.16778723686,-11.5826370466,-37918941.515,-37918953.0977
11.034986588,1.88517973294,12.1565678646,1.76988379379,-9.47706912387,-26604811.0189,-26604820.4959
10.2433245973,1.44793554156,11.8686260338,1.22449956154,-8.11081076924,-10480015.9063,-10480024.0172
10.0583715945,1.00909708917,11.5109352174,0.988649126024,-8.39345656936,-4079431.44582,-4079439.83928
10.9395226645,1.67514409726,11.9993266403,1.63715458549,-8.83886601318,-22309990.3601,-22309999.199
11.7104555254,2.43962791204,12.6063013318,2.22811559949,-13.2042357465,-38573302.5518,-38573315.756
12.1043389953,2.60915400322,12.6986174242,2.50032114519,-15.4535487663,-42538365.2918,-42538380.7453
11.6744440734,1.99849378572,12.2355245846,2.06647727841,-10.9721823895,-35478863.5771,-35478874.5493
9.69324956306,0.692025776766,11.2662337391,0.716830905209,-9.38989942642,-4584865.49481,-4584874.88471
10.7906990998,1.83671582718,12.1221026669,1.65477111902,-9.02608435245,-22990488.277,-22990497.3031
10.515772595,1.55410644006,11.9355221275,1.39017056837,-8.29573860606,-15036014.2719,-15036022.5676
10.0104185791,0.98147462083,11.4908819895,0.957265759711,-8.45644231483,-3844517.71486,-3844526.1713
10.7256262792,0.654677025048,11.1540087364,1.19762821862,-9.17976335442,-4284874.06615,-4284883.24591
10.5192215391,1.50131084956,11.872651788,1.39662948026,-8.21308545921,-14116543.1619,-14116551.375
11.9110821506,2.06249496568,12.2957501363,2.16620579275,-11.7166777968,-38577658.3816,-38577670.0983
11.3284748313,2.00048440822,12.2467305366,1.92629138878,-10.323156576,-31451298.1909,-31451308.5141
11.2563508258,1.92195782331,12.1818655095,1.87170212222,-9.92920744125,-29754314.4295,-29754324.3587
9.80209433528,0.873728261987,11.4083404177,0.832899372644,-8.76088294426,-3514244.93122,-3514253.69211
12.3096524211,2.22004634393,12.380041241,2.43222768547,-13.5929410962,-43168187.0229,-43168200.6158
10.7847922348,1.83672924127,12.1220553126,1.65267943615,-9.01916217785,-22920175.0844,-22920184.1035
10.640628703,1.95472197946,12.2742986265,1.57383077373,-9.23425067562,-23012145.3714,-23012154.6057
9.94872638359,0.945937945936,11.4650832437,0.916890639276,-8.54875116277,-3631623.90175,-3631632.4505
10.6325931902,0.484113744593,11.015167354,1.09964633094,-9.72503279209,-4495007.12921,-4495016.85424
9.37168208428,0.93865473171,11.4551139353,0.707092936446,-8.7474888868,-3756197.0276,-3756205.77509
11.038564796,1.69186419436,12.018282631,1.6724121801,-8.99547556277,-23870413.3442,-23870422.3397
10.8471892661,1.70982243425,12.0400353286,1.59992157107,-8.80912635166,-21699538.137,-21699546.9461
12.3893235145,2.5130726028,12.6187537896,2.57180945223,-15.6028375953,-44491199.5411,-44491215.144
9.89731090299,0.967036335601,11.4774944096,0.912330339132,-8.48986176065,-3638079.1597,-3638087.64956
10.7873429913,1.8315413605,12.1187023806,1.65052272352,-9.00904278514,-22872858.7052,-22872867.7142
10.354771406,1.47846009391,11.8847499392,1.28827418299,-8.15574685549,-12017499.4756,-12017507.6313
10.066036163,1.00370773222,11.5104791069,0.984086024405,-8.41882556417,-4057706.99066,-4057715.40949
11.0550234464,1.05893335468,11.4764164254,1.47932471978,-8.62587853399,-11716258.8639,-11716267.4898
8.93255651149,0.709147574262,11.2810355268,0.441378278863,-9.92576412985,-16890154.0155,-16890163.9413
10.2263565467,1.32485400539,11.7438720458,1.20204900013,-8.02886828749,-8373214.13948,-8373222.16835
10.9062799804,2.22271947203,12.4707251752,1.79547288275,-10.5434916057,-29141385.4473,-29141395.9908
11.0319288612,1.87869321509,12.1516417212,1.76586697083,-9.45342457324,-26481280.4475,-26481289.9009
9.97874207957,0.831829433102,11.3596933534,0.902662555544,-8.76726080493,-3602240.90981,-3602249.67707
10.7000218659,1.81470738309,12.1069425013,1.6093429551,-8.86912531036,-21587506.7406,-21587515.6098
10.246181283,1.44622143463,11.8669510038,1.22529588861,-8.11057622307,-10476201.1623,-10476209.2728
10.0698027272,1.11118573641,11.5866648774,1.04125007956,-8.20665811023,-4857509.10809,-4857517.31475
10.6977344293,0.412580658806,10.9507156011,1.10532458166,-10.0124273606,-4600902.80836,-4600912.82078
8.89921306381,0.671140849072,11.2568977392,0.405789577296,-10.1603855932,-20054760.8848,-20054771.0452
10.4016172161,1.40404853642,11.8030851638,1.30354534157,-8.10143471209,-11164128.006,-11164136.1074
11.077986332,1.90604901411,12.1877289693,1.77537849647,-9.59998541703,-27404578.7822,-27404588.3822
10.7466176303,1.63300918142,11.9708049448,1.54224997661,-8.55796282189,-19143698.0556,-19143706.6136
9.89488312302,0.993346610931,11.5041638156,0.914887814803,-8.45734198142,-3699955.87645,-3699964.3338
12.6187410682,2.38482910004,12.5111100253,2.61313363213,-15.4625552842,-45371196.8769,-45371212.3395
10.1431652587,1.70323318765,12.0313693367,1.34127259172,-8.20802102592,-13834596.9771,-13834605.1851
10.2247129838,1.37352812645,11.7965701703,1.2036342813,-8.05914208421,-9116777.00701,-9116785.06615
10.1187586984,1.09235428161,11.5728536095,1.05015603873,-8.24252911928,-4866965.48607,-4866973.7286
8.9214837648,0.711300651526,11.2862600377,0.433635539068,-9.95212940563,-17348650.3142,-17348660.2663
10.2055745411,1.35274999195,11.7684249914,1.2022330143,-8.02314774778,-8646732.38772,-8646740.41087
10.9867320147,1.78521073959,12.0946137893,1.6887587191,-9.14084440024,-24624148.3571,-24624157.498
11.1968425909,1.8568524611,12.1211098807,1.83435934775,-9.63394060557,-28236735.9794,-28236745.6134
9.80225538817,0.873807573284,11.408402741,0.832991624208,-8.76061963853,-3514139.66938,-3514148.43
11.0473735488,1.68497380298,12.0000758973,1.69073263644,-8.98969157844,-23879765.9808,-23879774.9705
10.2531438487,1.70426252194,12.0327230882,1.38167725086,-8.27610685731,-14905052.9641,-14905061.2402
10.2236390203,1.40533356314,11.8310050368,1.20467016153,-8.08442430317,-9615881.25865,-9615889.34308
9.70473217706,0.735832368745,11.3104341412,0.725656488089,-9.27980154847,-4230086.47451,-4230095.75431
10.7502788941,0.868657399263,11.3336923137,1.27921212293,-8.67612077186,-5523593.72812,-5523602.40424
8.33862002394,0.416949375783,11.0676479058,0.0795951202001,-12.349059369,-31150423.3309,-31150435.6799
10.2256406964,1.34605391546,11.766824602,1.20273946598,-8.04080241297,-8693689.84967,-8693697.89047
10.4803137949,1.51807649243,11.8945983463,1.37792541269,-8.21492169707,-13997730.3519,-13997738.5668
10.7380566884,1.23401415312,11.6376894235,1.4017022422,-8.27172984698,-11474346.8398,-11474355.1115
9.18654024291,1.01992653658,11.5780358137,0.589847427365,-9.0108718725,-4392460.97359,-4392469.98447
11.7258859837,2.14139423957,12.3304814902,2.16864896328,-11.7362140522,-37045635.827,-37045647.5632
9.93104155055,1.87054519881,12.171745948,1.31972485898,-8.43260496471,-14595602.8135,-14595611.2461
10.1811927342,1.34891638539,11.7798792581,1.17395834434,-8.05491708921,-8400666.73657,-8400674.79149
10.1565902667,1.0218005331,11.5105377138,1.04456193447,-8.33657782864,-4438710.52856,-4438718.86514
10.6246781509,0.79018115722,11.2732741218,1.19852206335,-8.79011303168,-4420734.09473,-4420742.88485
9.30531227885,0.908664399978,11.4326904039,0.668657088545,-8.87777290438,-4197563.19131,-4197572.06909
10.3533318707,1.49815286053,11.8713772782,1.33246737707,-8.10378921889,-12351424.0596,-12351432.1634
11.2069601594,1.89785519795,12.18265591,1.81761875305,-9.76389950252,-28872391.5544,-28872401.3183
10.4825658472,1.43553187525,11.8067650012,1.37574923387,-8.11909974898,-12530299.1619,-12530307.281
9.66963666374,0.80849882061,11.3570827104,0.757027230525,-9.00001017503,-3811465.28449,-3811474.2845
11.5343487139,1.90186268771,12.1584480959,1.9765896187,-10.3492548288,-32959145.251,-32959155.6002
10.1316935724,1.71228144971,12.0389609277,1.34010728667,-8.21684130301,-13877446.5321,-13877454.749
10.1742495823,1.35261555844,11.7854147417,1.16963989384,-8.05948091211,-8406248.12221,-8406256.1817
10.4494999376,1.28279733482,11.7089378505,1.26961498922,-8.1354058222,-9487880.56926,-9487888.70467
10.7262473545,0.683623131945,11.1781754472,1.20782461069,-9.09718810728,-4306185.58172,-4306194.67891
8.22042788977,0.68979635001,11.3012829171,0.121842102342,-11.2860622944,-28675475.6529,-28675486.9389
10.0922300663,1.14179508685,11.609185813,1.06428555662,-8.16287988495,-5234125.91714,-5234134.08002
9.97612894375,1.25456637326,11.6947291019,1.07284341933,-8.02338305566,-5926553.57871,-5926561.60209
10.7410774189,1.37479964831,11.7552293182,1.45129454532,-8.28783209693,-14268874.2732,-14268882.561
9.70216844825,0.748319316102,11.3102863947,0.742933687212,-9.18713602875,-4087536.72389,-4087545.91102
11.0455947147,1.68428365794,11.99962369,1.6896713618,-8.98600972164,-23844990.9031,-23844999.8891
10.1754750868,1.79001879258,12.0964856446,1.39319483638,-8.37401661286,-15555474.9961,-15555483.3701
10.3510472311,1.31386893671,11.7365085521,1.2434247282,-8.08470926964,-9171142.2276,-9171150.31231
9.88061899272,0.852983405701,11.396691619,0.846936453734,-8.8196069421,-3520065.95909,-3520074.7787
10.6413030332,0.383338468721,10.9311586367,1.06795706863,-10.1320792737,-4523630.35509,-4523640.48717
9.59274987319,1.00097922677,11.5023839717,0.81668145064,-8.4818727435,-3466563.34868,-3466571.83055
9.66289415961,1.47197905461,11.9177191747,0.973901699685,-8.1402542211,-6882988.76305,-6882996.9033
10.0173123068,1.42772672939,11.8232412173,1.17025325434,-7.94964549125,-8434633.91218,-8434641.86182
10.7810791154,1.24276790187,11.6427720518,1.4236780254,-8.30122737532,-12141489.5564,-12141497.8576
9.80696780188,0.885272763859,11.4170140385,0.840017616723,-8.72632193215,-3504033.08857,-3504041.81489
10.9255599563,1.68680418983,12.0038462705,1.64332983124,-8.84269493317,-22317833.4733,-22317842.316
10.5331869149,1.69504337634,12.0176491621,1.49184731466,-8.45949751384,-17707193.926,-17707202.3855
10.0197959967,1.14895491463,11.6233817682,1.02993548726,-8.1759940835,-5006591.33711,-5006599.51311
9.87186546152,0.841036384125,11.3879015566,0.837945562467,-8.85851379583,-3533543.53338,-3533552.39189
10.7177883548,0.289379268005,10.8490266084,1.06895049459,-10.558186109,-4482230.63833,-4482241.19652
8.34134079977,0.357040834918,11.031548345,0.0405203927819,-12.8051990365,-31255841.6149,-31255854.4201
9.94072293625,1.09908146753,11.5767896525,0.989179900771,-8.21845668366,-4361197.4802,-4361205.69866
9.97710679254,1.2522013857,11.6931314007,1.07188256975,-8.02621240726,-5904302.05369,-5904310.0799
11.0025639372,1.02538476351,11.4626470787,1.42857114598,-8.62844466815,-10330924.784,-10330933.4124
9.9665085618,1.2734316418,11.7085531598,1.07788556607,-8.00611250359,-6095246.42714,-6095254.43325
11.4836828918,1.67508452899,11.9842126322,1.85880301087,-9.6127659983,-29768293.6116,-29768303.2244
10.2868318817,2.1319796888,12.3539695091,1.59114113351,-9.42469586473,-21798896.2747,-21798905.6994
10.1280441254,1.21323344651,11.6688511976,1.10324243348,-8.1029113228,-6193473.44236,-6193481.54527
9.83748932258,0.674534525915,11.264184193,0.746386417349,-9.4537340555,-4268561.92538,-4268571.37912
10.8821774146,0.615380566552,11.1091892744,1.25856963171,-9.35202670881,-4493186.00205,-4493195.35408
9.49174423142,0.949004687105,11.4643811669,0.754034753068,-8.66331016657,-3532471.36634,-3532480.02965
9.90982692689,1.11657447981,11.5934315018,0.980974787062,-8.20439694854,-4390775.707,-4390783.9114
10.0312213241,1.47610009653,11.8593876523,1.19804208135,-7.95949759677,-9250970.90659,-9250978.86609
10.7561918371,1.05636281681,11.5029419859,1.32863635939,-8.42629598384,-8314069.2404,-8314077.66669
9.67291353789,0.559121924956,11.1720480352,0.640148862874,-9.99375164169,-7157542.38934,-7157552.38309
10.5525669442,1.38917079557,11.7871216419,1.3590561976,-8.18220885725,-12409360.9669,-12409369.1491
10.0510867765,1.42844196462,11.8246091749,1.18112741967,-7.96260270877,-8676303.4231,-8676311.3857
10.0589548875,1.05424672396,11.5594002933,0.99145734612,-8.35854436545,-4342355.2259,-4342363.58444
10.0496707186,0.987879871166,11.4949177823,0.975777871207,-8.43800303633,-3948537.02257,-3948545.46057
10.3542473248,0.951139543684,11.4214951745,1.13523934508,-8.39442474136,-4599186.35096,-4599194.74538
9.3564552785,0.846533098108,11.3851164421,0.659789140482,-9.03946665471,-4620416.21164,-4620425.2511
10.2042896387,1.17338746084,11.6331470607,1.11983612823,-8.14484524496,-6113354.91077,-6113363.05562
9.96176768345,1.24217548553,11.6855189564,1.06169787524,-8.03368806119,-5723166.50563,-5723174.53932
10.7547793623,1.03780038632,11.48681732,1.32258230033,-8.44470239432,-7978713.45998,-7978721.90468
9.62341859427,0.762190914645,11.3132988653,0.729707827408,-9.13703771577,-4189117.74932,-4189126.88636
10.4725561376,1.72875050675,12.0798297713,1.43368946023,-8.52211647617,-17602571.9832,-17602580.5053
10.0123897643,1.34774302358,11.7643490927,1.12938521779,-7.9685184363,-7277445.40333,-7277453.37184
10.1241134592,1.02953793909,11.5498168787,0.992712464422,-8.44071933872,-4335943.10395,-4335951.54467
9.89988427962,0.857056516631,11.398677865,0.857419031093,-8.79803935602,-3520117.83088,-3520126.62892
10.8649170104,0.575812002658,11.0789810741,1.23461993086,-9.47181296637,-4479274.53723,-4479284.00904
9.43007400339,1.08884605291,11.5672134106,0.798960099591,-8.34235040319,-3486006.93455,-3486015.2769
9.93857901962,1.09847704423,11.5763312275,0.988117110757,-8.2195004552,-4351224.31915,-4351232.53865
9.97609798049,1.3109041127,11.7365238648,1.09962325562,-7.97934890583,-6595388.37247,-6595396.35182
10.7752619706,1.0421308661,11.4889290715,1.33372724337,-8.45072157398,-8242035.26042,-8242043.71114
9.76870976746,0.905937242633,11.4322605954,0.835849917732,-8.67760188602,-3491062.83004,-3491071.50764
10.4246991926,1.37936424273,11.7817310501,1.3046897547,-8.10534183795,-10947732.0579,-10947740.1632
10.0989432486,1.50466944443,11.8823046776,1.23364696813,-7.99772914326,-10213499.8393,-10213507.837
10.3693795972,1.1148354928,11.6309431479,1.10096421286,-8.39071081055,-6259035.10696,-6259043.49767
9.94327272173,0.866229800096,11.4031512018,0.881027436366,-8.751661887,-3533658.61289,-3533667.36455
10.7144816879,0.508217274947,11.0267832343,1.14986098375,-9.63975941991,-4531510.98034,-4531520.6201
9.88596765169,1.13433977075,11.600838923,0.988678358952,-8.15313459082,-4465730.87559,-4465739.02872
9.90976738312,1.10918259541,11.5804486398,0.98740349845,-8.18764796274,-4354374.44688,-4354382.63453
10.319136658,0.967316076289,11.4368534791,1.12529248253,-8.36186202399,-4600466.79742,-4600475.15928
10.7789464451,1.35539883477,11.7627062386,1.42616570581,-8.34895200151,-14348795.2971,-14348803.6461
9.02743291727,1.10057635731,11.6478088267,0.555597799548,-8.99270004844,-4537292.83184,-4537301.82454
10.4589551584,1.41250583467,11.8059736114,1.33351047165,-8.12922125955,-11868820.2581,-11868828.3873
9.9972649833,1.29666518445,11.7258217883,1.10043754645,-7.99236815515,-6530742.67342,-6530750.66579
10.1809994892,1.0493215066,11.5686329754,1.01781993445,-8.42086719966,-4666396.03725,-4666404.45811
9.58242032684,0.775235454971,11.3693809448,0.657650130753,-9.36547610191,-4736893.65078,-4736903.01625
10.5695822215,0.774693536179,11.2625877481,1.16985982999,-8.80982457278,-4238624.18534,-4238632.99516
9.42876376576,1.08955375727,11.5677355653,0.798817366799,-8.34138824245,-3486304.25421,-3486312.5956
9.8470691381,1.13247940713,11.5894087182,0.985850575927,-8.12065554825,-4364781.9077,-4364790.02836
10.3970909391,0.942444878328,11.3916999761,1.17828710094,-8.35789488013,-4716735.69703,-4716744.05492
10.3724676269,1.02568609702,11.4919388025,1.15613916476,-8.30606355042,-5304314.07911,-5304322.38517
9.4375563549,0.960205311223,11.5024187612,0.697739883219,-8.82243529541,-3627840.64447,-3627849.46691
10.7441330304,1.44116761971,11.8235136443,1.45733328522,-8.3469195311,-15588157.2201,-15588165.5671
9.95885995418,1.23100963628,11.6764935499,1.05597784971,-8.04283262315,-5590645.31107,-5590653.3539
10.1579034047,1.01698259565,11.5449880264,0.993549380471,-8.48400897785,-4334441.43024,-4334449.91425
9.90012458796,0.935600681827,11.4571466892,0.89444872898,-8.5808419015,-3562339.93909,-3562348.51993
11.1302521846,0.486999770178,10.9838149234,1.33134503859,-9.90120261266,-4918805.80199,-4918815.70319
9.68215505374,0.996835896923,11.4943183438,0.854665931642,-8.43912112007,-3521236.1715,-3521244.61062
9.8116149853,1.14565312072,11.594475399,0.984972440464,-8.08418220587,-4370852.17297,-4370860.25716
10.2512292771,0.988234361931,11.4823970239,1.06980560977,-8.40249355771,-4488156.31972,-4488164.72222
10.3706556298,1.02504985091,11.4915879067,1.15500004515,-8.30691952098,-5289305.79745,-5289314.10437
8.99606970272,1.03255434044,11.5959521284,0.513614536906,-9.19706136379,-6208265.17698,-6208274.37404
10.2379121004,1.31987864497,11.7395340752,1.2049639916,-8.03314128289,-8382614.45266,-8382622.4858
10.0143143441,1.32581202156,11.7477203508,1.12017478991,-7.97833885372,-6996971.40337,-6996979.38171
10.0778071416,0.994129401349,11.5217886595,0.961094744908,-8.50833569119,-3993274.02624,-3993282.53457
9.88796763797,0.855665229004,11.3983910285,0.851355614329,-8.80834289484,-3518709.88185,-3518718.69019
11.2448106173,0.664039864782,11.1195338524,1.45146893776,-9.45174539844,-6320649.59722,-6320659.04896
9.1374032913,0.986889504034,11.5087034406,0.618646901732,-8.86799790578,-4415382.92332,-4415391.79131
9.93324989042,1.09697463048,11.5751917212,0.985475335788,-8.22212606562,-4326687.47416,-4326695.69629
10.2200721549,1.01410636118,11.5030814416,1.06833201737,-8.35143977773,-4583798.88451,-4583807.23595
10.6536585196,1.03380676797,11.4876602874,1.27808068714,-8.39496218401,-7087990.39701,-7087998.79197
9.74573519965,0.866660932257,11.4027515706,0.809253340639,-8.79766317452,-3540700.70804,-3540709.5057
10.3852160926,1.39269003325,11.79368039,1.29361699389,-8.08885534053,-10812189.0123,-10812197.1012
9.97932714233,1.33812845129,11.7574524889,1.11232242702,-7.96746478121,-6958553.38943,-6958561.35689
10.1488925639,1.13875966596,11.6184660201,1.06937089403,-8.21334523928,-5431911.83621,-5431920.04956
9.66736380094,0.77825104394,11.355797077,0.712580406187,-9.21863120518,-4112367.14777,-4112376.3664
10.4635254206,0.79207369151,11.2850569432,1.12562803927,-8.75309734745,-4088840.48889,-4088849.24199
9.54992556144,0.988905990688,11.4932270213,0.795452429809,-8.52736404206,-3455830.61599,-3455839.14335
9.94358947957,1.15207436456,11.6155617652,1.01609975797,-8.13219369595,-4780331.97005,-4780340.10225
10.0160350303,0.98845960417,11.4860290495,0.977796558507,-8.3971096467,-3917175.18085,-3917183.57796
10.2818494432,1.06946630355,11.5314639083,1.13364531978,-8.2279917789,-5344351.73586,-5344359.96386
9.59048413835,0.601250548062,11.203343797,0.629526485514,-9.85404195971,-7150530.23074,-7150540.08478
10.4996892528,1.40324613149,11.7986720157,1.34472700189,-8.15208091036,-12116251.9248,-12116260.0769
10.0917281338,1.27332381868,11.7065097313,1.12691626656,-8.02065334759,-6758881.60816,-6758889.62881
10.0089694491,0.854072363508,11.428168249,0.856242300947,-8.92186850449,-3474649.77341,-3474658.69528
9.74608979459,0.667459369498,11.2600815395,0.707992311409,-9.52771727869,-4733215.32557,-4733224.85328
10.5429125841,0.606353548227,11.1251388569,1.09771188514,-9.29275857,-4215876.19986,-4215885.49262
9.23147772102,0.989210963729,11.4981447042,0.670874196846,-8.72406403177,-3856470.95818,-3856479.68224
9.89997941838,1.20370363449,11.6397924718,1.0422591331,-8.01258495872,-5104037.2964,-5104045.30899
10.3631045309,0.988127220565,11.480669372,1.11357171418,-8.42179402099,-4875541.39349,-4875549.81528
10.1612596172,0.95156870985,11.4511579498,1.02327534073,-8.45763687709,-4037380.85377,-4037389.31141
9.67603860232,0.945001885133,11.4585794641,0.823800977367,-8.58630436409,-3475097.30899,-3475105.8953
10.197564002,1.30046821113,11.7250889943,1.18094751479,-8.0278291729,-7800683.48566,-7800691.51349
9.948774435,1.17822520615,11.6365997978,1.02821319974,-8.10216378272,-5027421.64562,-5027429.74778
10.0677852005,0.993286920746,11.5207669824,0.957505995084,-8.50894993108,-3967406.32557,-3967414.83452
9.81489757926,0.779898145645,11.3483883289,0.779213540951,-9.1059299133,-3724078.35779,-3724087.46372
10.3596102672,0.851823436749,11.3419130458,1.09816309162,-8.60636440458,-4077694.24359,-4077702.84995
9.05742238367,1.01898566527,11.5271187229,0.611913648457,-8.80687229829,-4408516.51819,-4408525.32506
9.93902815546,1.12721624938,11.5980479242,1.00138245009,-8.17341990589,-4562333.75252,-4562341.92594
9.96381173823,0.934308744117,11.4502920373,0.926236499095,-8.5478363413,-3640415.41587,-3640423.96371
10.0958187813,0.909673409033,11.4412790111,0.951499323367,-8.63806273296,-3708536.15353,-3708544.79159
9.6285246116,0.95147857245,11.4666887632,0.804730498556,-8.60186127273,-3465606.76233,-3465615.36419
10.3698036606,1.7081526707,11.9962608124,1.47749433602,-8.30319706342,-16152547.2594,-16152555.5626
9.71696457775,1.0643251987,11.5541499256,0.885902892304,-8.3248819708,-3708821.99373,-3708830.31861
9.95112593589,0.717159055574,11.3371001943,0.75665251944,-9.4465127732,-3845392.54126,-3845401.98777
10.0692693123,0.788709798236,11.3506638113,0.883937764152,-8.99027320575,-3574182.67926,-3574191.66953
10.5528047865,0.81156126259,11.2890118205,1.18208274509,-8.703048216,-4354328.63991,-4354337.34296
9.25809441791,0.906631550104,11.4308259413,0.650784852627,-8.91366021584,-4448569.06345,-4448577.97711
9.91647962984,1.15077228042,11.6077542715,1.01409768525,-8.10903285929,-4691667.55512,-4691675.66415
10.0269886412,0.921142534857,11.4329927081,0.953679222735,-8.54459941907,-3701641.33664,-3701649.88123
10.1713851775,0.929308631935,11.4568713732,0.987907586858,-8.59178198478,-3899707.93584,-3899716.52762
9.61166862994,0.959505080073,11.4723800329,0.802740767684,-8.58523904778,-3463108.87619,-3463117.46143
10.1636374218,1.2201653375,11.6716754395,1.1225357668,-8.09647164769,-6475062.06945,-6475070.16592
9.67070542957,1.01827509421,11.5182263629,0.849367687242,-8.42989633507,-3527605.89921,-3527614.3291
10.0341248525,0.773375848231,11.379324399,0.813308755285,-9.22285865641,-3533604.81751,-3533614.04037
9.97731787203,0.878882053554,11.4168275462,0.894404999093,-8.72741816034,-3544897.35667,-3544906.08409
10.4302321311,0.811216862673,11.3032730226,1.11682856755,-8.70382064413,-4081126.59898,-4081135.3028
9.40086931272,0.946883335632,11.461354923,0.721561733615,-8.70804514146,-3657278.84151,-3657287.54956
9.77693575889,1.05290579817,11.541767699,0.907986735998,-8.31887824804,-3764917.23642,-3764925.5553
10.116606969,0.902465872919,11.4084530919,0.99260754766,-8.54820460816,-3794579.42135,-3794587.96956
10.1680021174,0.928429575329,11.4561733129,0.986277611752,-8.59367576917,-3889541.48626,-3889550.07994
9.58920598445,0.937143942589,11.4549361697,0.784999901462,-8.65062378562,-3490531.65578,-3490540.3064
10.1543360533,1.19814936629,11.6570314892,1.1065215035,-8.12235467599,-6147361.83218,-6147369.95453
9.52949460137,1.0587278497,11.5509553151,0.812334337007,-8.39965663455,-3487109.93543,-3487118.33509
10.0108590558,0.855282091997,11.4284535037,0.858314836323,-8.91515527927,-3477025.3074,-3477034.22256
9.90447256653,0.859953880676,11.4017966537,0.859307770558,-8.79251710203,-3517118.3956,-3517127.18811
10.7531751053,0.7698036356,11.2341456917,1.26911941561,-8.85052842118,-4721464.33535,-4721473.18588
9.18791507007,0.863580076868,11.3951166531,0.609138211694,-9.08608706513,-5590053.18952,-5590062.27561
9.86734390816,0.975433587886,11.497505523,0.887825359417,-8.53176168252,-3594562.35835,-3594570.89011
9.95832971981,0.94404921386,11.4529778026,0.934733596846,-8.50555965432,-3670294.34954,-3670302.8551
10.2095612285,0.939228322558,11.4647486154,1.0063009971,-8.57156922702,-4026224.9753,-4026233.54687
9.38137165244,1.03780437002,11.5278954713,0.758249529144,-8.47498729886,-3453251.05656,-3453259.53155
10.7435375583,1.40212747962,11.8167140896,1.40976304022,-8.36304862002,-14824838.3145,-14824846.6775
9.57959872486,1.06990763437,11.5594612389,0.835924305424,-8.35808312127,-3552571.98226,-3552580.34034
9.90128908229,0.885596262985,11.4452789908,0.839429148212,-8.82569369303,-3460145.53259,-3460154.35829
9.67173478726,0.544938400463,11.1640556793,0.629038130333,-10.0768794167,-7669059.88035,-7669069.95723
10.1502992209,0.904382319945,11.4080707744,1.00872774835,-8.5374059666,-3852548.59622,-3852557.13362
9.40982362463,0.994852432491,11.4913385785,0.754680916503,-8.5445248513,-3496772.52949,-3496781.07402
9.85673700225,0.978048642526,11.4991835993,0.885455290409,-8.52640089215,-3590331.99468,-3590340.52108
9.97867476898,0.95293284335,11.4624389607,0.943000530715,-8.49304900537,-3714105.33838,-3714113.83143
10.0398560469,0.924402594841,11.4521169482,0.937747388619,-8.60339363981,-3677759.59298,-3677768.19637
8.90420374415,1.17749736719,11.6037189212,0.683744796657,-8.3188426187,-3542264.21856,-3542272.53741
10.1735615398,1.22189588824,11.6731195885,1.1268141015,-8.09766579834,-6552974.96659,-6552983.06426
9.47802594539,1.0714170683,11.5590979661,0.800833879898,-8.38653567477,-3475996.8645,-3476005.25104
9.86586052648,0.857993263228,11.4424383406,0.790239633951,-9.00117085825,-3455901.32829,-3455910.32946
10.0040386546,0.994718675341,11.5035031272,0.957817979521,-8.43751883542,-3887146.26373,-3887154.70125
10.1822978211,0.899247371117,11.4008262061,1.02288207368,-8.53963094606,-3892635.02569,-3892643.56532
9.48940588652,0.99688936341,11.4995051031,0.776328791956,-8.5347307729,-3457227.83465,-3457236.36938
9.64129904849,1.03211051013,11.5660490176,0.79498872351,-8.58583511908,-3451332.26728,-3451340.85311
10.0266761002,0.924220637746,11.4360593783,0.954044047782,-8.53985756222,-3707086.25911,-3707094.79897
10.2039309385,0.987025493768,11.4612437148,1.07684475622,-8.33114415934,-4378125.38843,-4378133.71957
9.4037904033,1.03130057197,11.5232843451,0.76319775352,-8.48065623753,-3452363.28799,-3452371.76864
10.1579820835,1.46347708058,11.8818905339,1.19484793034,-8.09037080445,-10016749.9312,-10016758.0215
9.44416082929,1.05311653775,11.5427603413,0.783664856091,-8.427760077,-3447940.16248,-3447948.59024
10.0440507925,0.719830659253,11.3443528647,0.786471215879,-9.42878506494,-3683500.09668,-3683509.52546
9.99967006558,0.797679831638,11.3423818069,0.882573836481,-8.90647903775,-3603321.8291,-3603330.73558
10.1023409249,0.916416945258,11.4229555775,0.988589131533,-8.52835655603,-3805518.31387,-3805526.84222
9.38631591259,1.01044655258,11.5069555089,0.747933794135,-8.53718039386,-3484721.18981,-3484729.72699
9.23520388571,1.13401578049,11.6920886613,0.624461504094,-8.85325739834,-3570983.00457,-3570991.85783
10.3164911968,0.887785500669,11.4137064063,1.03767983144,-8.66283695821,-4025040.9684,-4025049.63124
9.76372448636,0.984067304022,11.494134243,0.866323195675,-8.49064676494,-3537458.78711,-3537467.27776
8.97711868449,1.19133110326,11.5979368751,0.738227505446,-8.15815450033,-3484256.20335,-3484264.36151
10.1147686418,1.18445135993,11.6463081168,1.08615753194,-8.12867254904,-5787119.62744,-5787127.75611
9.45482584563,1.05081211048,11.5411375093,0.786423469354,-8.42868905949,-3449419.83941,-3449428.2681
9.97089916339,0.995757809184,11.5284709048,0.915116288162,-8.53511374134,-3776565.82388,-3776574.35899
9.8815869627,0.83127710783,11.3830932221,0.833495068384,-8.89797359574,-3539835.86604,-3539844.76402
10.0169588153,0.937842679318,11.4494555994,0.952735531026,-8.51925459019,-3724228.16461,-3724236.68386
9.33380789199,1.01741486668,11.5156462496,0.727161315392,-8.56580526049,-3515319.05343,-3515327.61923
9.65801377101,1.02117646816,11.5556169927,0.799073766078,-8.59422867682,-3448382.57723,-3448391.17146
9.93749804688,0.94032484369,11.4549743776,0.919017063616,-8.5367704738,-3625530.73553,-3625539.2723
9.89996023287,0.980984023363,11.4947123378,0.911483065852,-8.48373970835,-3667045.44305,-3667053.92679
9.4723585527,1.00783473598,11.506646672,0.776359967977,-8.51031984882,-3453682.26717,-3453690.77749
10.1583413721,1.29431162589,11.7340027992,1.14559492266,-8.05981330569,-7440695.83513,-7440703.89494
9.32842438302,1.07040238904,11.5358023676,0.775325609185,-8.34455119604,-3462312.69935,-3462321.0439
9.87073941371,0.854162785084,11.4397816434,0.790032266103,-9.01217464337,-3459955.88993,-3459964.9021
9.67399155848,0.938830583377,11.457721565,0.81506506483,-8.62153714271,-3469692.74467,-3469701.36621
9.89781781373,0.965502821795,11.4846926779,0.901732134075,-8.52670454078,-3616446.89933,-3616455.42603
9.54787769973,0.989162684531,11.4934291412,0.794799537016,-8.52760232204,-3455726.78938,-3455735.31698
9.5176004678,1.13141678815,11.6320761531,0.805041767214,-8.38770039197,-3610428.83319,-3610437.22089
9.9089614296,0.943901830321,11.4577908857,0.909919109564,-8.53237991844,-3604352.84293,-3604361.37531
9.7713876747,0.987930518098,11.4972438842,0.870700637934,-8.48044384034,-3551031.96386,-3551040.4443
9.36439190306,1.01000982976,11.5042772373,0.743223400374,-8.53621432287,-3500799.67935,-3500808.21557
10.5309491557,1.41636582394,11.8243710221,1.34212229636,-8.20736393459,-12681709.1995,-12681717.4069
9.61576300798,1.0127949854,11.511390021,0.830277328086,-8.44690550433,-3487668.49635,-3487676.94326
10.043909756,0.718204485456,11.3454853149,0.782671989149,-9.44586018937,-3691747.95378,-3691757.39964
9.83651481389,0.883210822743,11.4182862175,0.846262726727,-8.73724042975,-3500734.42145,-3500743.15869
9.71152516599,0.777494768278,11.3459157565,0.74336861922,-9.14468290637,-3925473.66821,-3925482.81289
9.32933060591,0.913875236279,11.4344914279,0.682475563693,-8.83584293001,-4038922.24262,-4038931.07846
9.65869114201,1.01768545199,11.5514667608,0.799751709883,-8.59476514778,-3446212.03714,-3446220.6319
9.92209333057,0.944185250116,11.4577947599,0.915220273989,-8.52886930534,-3618721.72983,-3618730.2587
9.72612034378,0.965110070225,11.4788748776,0.844842585309,-8.54293762009,-3488515.10696,-3488523.6499
9.14810500529,1.06535439892,11.5432575805,0.691498860945,-8.51787898322,-3598333.75896,-3598342.27684
10.6412718903,1.36582684923,11.7882953515,1.35675795863,-8.27612473547,-12931012.9418,-12931021.2179
9.62324209059,1.08818860994,11.5704120714,0.864443470534,-8.29405377511,-3667139.65667,-3667147.95072
10.1831385684,0.738992702906,11.3869258529,0.808807800215,-9.46169785743,-3494301.53153,-3494310.99323
9.83812081015,0.882661208306,11.4178965316,0.846571010782,-8.73849982528,-3501098.84942,-3501107.58792
9.81722653154,0.983089588864,11.5071971059,0.867362345525,-8.54205656799,-3550082.40147,-3550090.94352
9.52633783919,0.99546195061,11.4978922476,0.79007533144,-8.519534683,-3454363.04062,-3454371.56015
9.71099026149,0.977371769149,11.5239429527,0.797350422662,-8.68640852993,-3422013.82934,-3422022.51575
10.0756706438,0.947499838818,11.4578400682,0.977217283517,-8.49938152418,-3839294.90851,-3839303.40789
9.8019161285,0.953594824701,11.4716598491,0.865620816078,-8.5585547366,-3516400.32728,-3516408.88584
9.39790426076,1.03302195629,11.5245039668,0.761906781959,-8.4790894401,-3452545.57224,-3452554.05133
10.7505710218,1.30896973112,11.7444816258,1.3729504378,-8.35313355341,-13079003.9445,-13079012.2977
9.17205906511,1.11705258806,11.5925028303,0.709753580845,-8.44414573301,-3461744.0751,-3461752.51924
9.88600170401,0.884409639714,11.4589351002,0.814184754875,-8.90073072504,-3430588.06877,-3430596.9695
9.69089609745,0.956439875697,11.4879778156,0.80697132547,-8.65010517278,-3440125.50426,-3440134.15437
10.1318538453,0.946400748495,11.4949546227,0.946632209809,-8.65277091385,-3837628.27753,-3837636.9303
9.45357573508,1.0025903687,11.487626993,0.78720858895,-8.4565837463,-3477209.62554,-3477218.08213
9.68081376442,0.993400843513,11.5351519871,0.794447748588,-8.65394325063,-3424934.02202,-3424942.67597
9.84261771098,0.959490686735,11.469919075,0.891898098701,-8.50721211146,-3573518.35491,-3573526.86213
9.74317802729,0.969308696163,11.4744666915,0.863182110834,-8.4933294335,-3521092.98001,-3521101.47334
9.07273576423,1.1321462479,11.5674623144,0.728193423872,-8.28250087332,-3486505.84746,-3486514.12996
10.642562582,1.28781687699,11.7278041677,1.32423081159,-8.28013640486,-11455898.6107,-11455906.8908
9.49234609864,1.03943820382,11.5393622119,0.786136257788,-8.47139114968,-3442725.21376,-3442733.68515
9.90734836139,0.847466765762,11.453530546,0.775946685759,-9.1116858824,-3441188.99771,-3441198.10939
9.40132523406,0.800672574328,11.3798135982,0.61624373073,-9.33456337072,-5542209.90037,-5542219.23493
9.72698149754,0.922016217225,11.4650044969,0.801001389014,-8.74266941112,-3447312.61605,-3447321.35872
9.32686305909,1.02576708007,11.5168803251,0.735392435435,-8.52185975898,-3498926.02317,-3498934.54503
9.60098970256,1.03580158408,11.5648025674,0.786769480491,-8.57443125847,-3438103.25826,-3438111.83269
9.77726491975,0.958176575896,11.4776977235,0.85531661534,-8.56450487874,-3500671.74898,-3500680.31349
9.80074258911,0.92744434537,11.4695682833,0.830533499242,-8.70541484059,-3454948.55442,-3454957.25983
9.44704326683,1.01865140483,11.5143222569,0.772684138947,-8.49301457005,-3451875.52781,-3451884.02083
10.0303954104,1.07379074732,11.5772016846,0.985849234473,-8.33452375693,-4395193.74193,-4395202.07646
9.22411602342,1.11594003857,11.5974147838,0.721008048856,-8.44477950819,-3441782.50994,-3441790.95472
9.88307212352,0.885888351219,11.4593004661,0.814746512555,-8.89384824077,-3431130.769,-3431139.66285
9.70625209034,0.956748653276,11.4861500609,0.815566903223,-8.63406335533,-3447135.41992,-3447144.05398
9.79226192709,0.954670970679,11.4891440643,0.840771967228,-8.63332746913,-3473839.98668,-3473848.62001
9.63134051024,1.01177900117,11.5144135801,0.830857940244,-8.46096116907,-3488295.69002,-3488304.15098
9.70484796601,0.97097340024,11.5129492882,0.800291297817,-8.67504117974,-3425456.19375,-3425464.86879
9.72650134649,0.965719559485,11.4817831582,0.842118037143,-8.55230639886,-3484083.2011,-3484091.7534
9.76591653971,0.936637172163,11.4754048947,0.823063279525,-8.68693904092,-3449478.04786,-3449486.7348
9.40523684148,1.03087756557,11.5229846399,0.76351499194,-8.48104547359,-3452322.8861,-3452331.36714
10.1645069047,1.09463120796,11.5983030581,1.0379375914,-8.32621705738,-5026668.55343,-5026676.87964
9.09484818319,1.15459299278,11.627167744,0.689845461303,-8.45195066745,-3472709.66824,-3472718.12019
9.9037298515,0.907661180866,11.4734554523,0.835261111235,-8.81667160836,-3446524.69074,-3446533.50741
9.69261527328,0.956887939074,11.4876787107,0.808668361133,-8.64525407657,-3441594.92209,-3441603.56735
9.56572927248,0.841354192023,11.4053762288,0.702762234133,-9.06334714629,-3965380.74292,-3965389.80627
9.57412034919,0.98148810227,11.4879916067,0.800555176459,-8.53792996057,-3457784.73177,-3457793.2697
9.69384305278,0.982252000737,11.5265305549,0.794661722964,-8.67516794155,-3421251.94858,-3421260.62375
9.72640695293,0.97431126044,11.4850816986,0.850201216295,-8.51658494275,-3500489.72975,-3500498.24634
9.70169390159,0.952406029954,11.4814329645,0.814220368835,-8.63885876902,-3448785.46166,-3448794.10052
9.47053420078,1.01178155333,11.5094548839,0.777836261493,-8.50034988994,-3452212.29911,-3452220.79946
10.0242239321,1.06569647906,11.572146896,0.97851218609,-8.35319951331,-4317561.14042,-4317569.49362
8.69249065661,1.149323974,11.6142038319,0.549911463099,-8.74646314227,-4979472.6605,-4979481.40696
9.73148417131,0.931664014106,11.4784319046,0.799576144501,-8.74262263608,-3434993.36905,-3435002.11167
9.64074732862,0.940002352109,11.4753146794,0.781163210847,-8.71165001467,-3452720.71014,-3452729.42179
9.72694919593,0.924956309825,11.4661332623,0.803767464711,-8.72940888961,-3447003.56384,-3447012.29325
9.57897311661,0.980068925337,11.4869861026,0.801619504191,-8.53989973914,-3458213.04783,-3458221.58773
9.76066154671,0.97698249935,11.5379544892,0.796491252729,-8.73948324997,-3420116.43003,-3420125.16952
9.73995258729,0.969225313961,11.4794428901,0.855396047965,-8.51681977576,-3507211.46763,-3507219.98445
9.55628899312,1.00605003618,11.4991820768,0.814248465554,-8.45139419737,-3469207.00799,-3469215.45938
9.42327841575,1.02902272535,11.523180221,0.76717528069,-8.4848871568,-3448655.87004,-3448664.35493
10.1262209839,1.08008473962,11.5873587192,1.01711540057,-8.34690656474,-4747716.33011,-4747724.67702
9.08166038779,1.16472023173,11.632010741,0.693203954701,-8.42602308058,-3467911.2357,-3467919.66172
10.0126433756,0.83768792523,11.4434763563,0.814160283792,-9.0963837139,-3425928.60308,-3425937.69947
9.68385324163,0.959070947124,11.4922466875,0.802243144946,-8.65761043635,-3434853.64998,-3434862.30759
9.72713738964,0.90782692085,11.4595569182,0.78765192245,-8.8075873924,-3454932.37612,-3454941.18371
9.49059767869,1.0042373844,11.501246893,0.785154215512,-8.49736181473,-3456860.28541,-3456868.78277
9.76811953592,0.972859751948,11.5351581888,0.797014208863,-8.74865405544,-3418699.43668,-3418708.18533
9.84874486496,0.91102281502,11.4654180046,0.830174128907,-8.77378893456,-3448162.27395,-3448171.04774
9.77394294271,0.925751303841,11.472613755,0.814206408089,-8.73828212065,-3440522.54497,-3440531.28325
9.49723283613,1.00916952888,11.5144008943,0.77712798263,-8.52966955159,-3442779.33073,-3442787.8604
10.033740845,1.07020211563,11.575540802,0.984106439763,-8.34489354977,-4376579.88853,-4376588.23342
9.08384643146,1.17077612017,11.6400497439,0.692185509031,-8.43171905958,-3465254.92166,-3465263.35338
9.91579085149,0.873419575974,11.4552988342,0.814178998691,-8.94560157905,-3428668.70192,-3428677.64752
9.61426534453,0.984808005637,11.5074117338,0.793002373642,-8.60018398097,-3432129.61672,-3432138.21691
9.60871308541,0.938482589082,11.466827616,0.778132552639,-8.69328457561,-3471945.59683,-3471954.29012
9.51778976509,0.996261040333,11.4965747284,0.789830010809,-8.51174903752,-3456944.79773,-3456953.30948
9.66755423637,0.982260781512,11.5196580058,0.794128091775,-8.65126649286,-3423926.79707,-3423935.44834
9.87819723174,0.907653447269,11.4652450426,0.836559731658,-8.78561306357,-3452335.89507,-3452344.68069
9.78522352268,0.925942137605,11.4741693602,0.816712216707,-8.74056107303,-3440297.56863,-3440306.30919
9.2962528137,1.08284810654,11.5566304933,0.753820963004,-8.39180915239,-3448468.71006,-3448477.10187
10.0536812399,1.07964259013,11.5826519133,0.995827848755,-8.32824241226,-4508108.08422,-4508116.41247
9.11326734186,1.12290089006,11.6009154517,0.685332868296,-8.49181691269,-3506584.4209,-3506592.91272
9.77469254696,0.916856251371,11.476220259,0.79706349187,-8.81104018207,-3428084.719,-3428093.53004
9.7566216234,1.01289616485,11.5298907282,0.8574198231,-8.49097209076,-3557436.98302,-3557445.47399
9.72369502082,0.921169938646,11.4606774123,0.80430125377,-8.72835579658,-3453266.78097,-3453275.50932
9.57494183609,0.990918359393,11.5053836074,0.791470214433,-8.56421214414,-3441163.72464,-3441172.28885
9.54270895656,1.03214578515,11.5609545207,0.765520675882,-8.60090839282,-3414410.42163,-3414419.02254
10.0783741625,0.844017136495,11.4319002115,0.862633786968,-8.98861841737,-3473565.55709,-3473574.5457
9.75583442529,0.937347085808,11.4781357671,0.817041998843,-8.69781441524,-3443914.52981,-3443923.22763
9.41887341933,1.03789581872,11.5308656489,0.768040888086,-8.47182448295,-3443972.79934,-3443981.27116
10.0141264429,1.06401586177,11.5706464098,0.974308470193,-8.35559249156,-4278675.82175,-4278684.17734
8.93539150123,1.19187849566,11.6304568603,0.680668525806,-8.35659885967,-3510513.54287,-3510521.89947
10.0128861212,0.874732839827,11.4642913022,0.840373026146,-8.95381011657,-3441531.45472,-3441540.40853
9.62023524398,0.983565309515,11.5070552125,0.793812135986,-8.60396373821,-3431796.57117,-3431805.17514
9.74726541154,0.913136500541,11.4556772992,0.807984947334,-8.74740726259,-3454927.67735,-3454936.42476
9.58860007728,0.987710508631,11.5037987166,0.793991024908,-8.57066417955,-3441322.24404,-3441330.8147
9.76471301447,0.973755713195,11.5355480363,0.796538262277,-8.74619131975,-3418463.24267,-3418471.98886
9.61180344115,0.988754382125,11.5154885469,0.788763991047,-8.6116058713,-3428827.46118,-3428836.07279
9.92174497376,0.883757541184,11.4539040941,0.833100114456,-8.87150650501,-3444627.42228,-3444636.29378
9.42802316656,1.02357623516,11.5185340834,0.767740322982,-8.4911776544,-3452533.34642,-3452541.83759
10.1934495195,1.15084929637,11.6359079142,1.08079997716,-8.23224413166,-5767213.50423,-5767221.73648
9.30952377695,1.08255128712,11.5714550864,0.738557599997,-8.46288275605,-3437037.86469,-3437046.32758
9.83806085739,0.909929798766,11.4871199647,0.796090474709,-8.88670143317,-3409326.46244,-3409335.34914
9.62044045298,0.983439020461,11.5068499662,0.793934995213,-8.60378080413,-3431872.35159,-3431880.95537
9.65966069637,0.964104212516,11.500764026,0.789798914508,-8.67522786629,-3426867.55178,-3426876.22701
9.62508073,0.979142458906,11.4995655324,0.800724015653,-8.58845544604,-3442338.17929,-3442346.76774
9.57676261749,1.01805445291,11.5524414997,0.769045330917,-8.62944025941,-3412066.40691,-3412075.03635
9.6451020954,0.978421862014,11.5093233606,0.794294648432,-8.63220201049,-3429891.34083,-3429899.97303
9.78906646651,0.924774158877,11.4733554106,0.817535918367,-8.74276316289,-3440854.57704,-3440863.31981
9.64491837109,0.966167569777,11.502579687,0.785344694908,-8.6757747986,-3426870.50365,-3426879.17943
10.2288664809,1.09975700614,11.6025567647,1.06370753695,-8.32798370814,-5356943.36194,-5356951.68993
9.54558590555,1.00483527082,11.5231778363,0.777341192685,-8.57799502207,-3429379.79588,-3429388.37387
9.97112407984,0.871185454226,11.4764691726,0.803493652102,-9.04510610298,-3400638.12742,-3400647.17253
9.62267472552,0.982064011741,11.5046152878,0.795272660694,-8.6017984551,-3432707.80073,-3432716.40253
9.66993056105,0.966998932605,11.5027887142,0.7951446727,-8.6630308991,-3427894.01057,-3427902.6736
9.56316542253,0.994557225297,11.5071317001,0.790056585587,-8.55524487634,-3441449.77467,-3441458.32992
9.57018093226,1.01526376428,11.5462636763,0.7707966622,-8.61846051479,-3414641.90908,-3414650.52754
9.60703258103,0.991690449306,11.5202602736,0.785907663185,-8.61603853992,-3427264.48999,-3427273.10603
9.95010304912,0.874995006395,11.4496946169,0.836504189315,-8.90033127146,-3446720.23722,-3446729.13755
9.62494046616,0.973944479885,11.5067224199,0.783735017693,-8.65540143065,-3427160.08173,-3427168.73713
10.1492364508,1.09161148915,11.5924590504,1.03622115373,-8.31554441506,-4945182.58098,-4945190.89652
9.552957753,1.00240832237,11.521670214,0.778552343032,-8.58230938319,-3429439.62006,-3429448.20237
9.88548752411,0.896120460002,11.4833237875,0.798729130383,-8.94193560008,-3405767.95792,-3405776.89985
9.70171709064,0.955107273016,11.4908140589,0.805121671914,-8.66861785101,-3435087.10694,-3435095.77555
9.67244359198,0.962315099878,11.4991896879,0.793661115556,-8.67487630078,-3427260.05383,-3427268.72871
9.6509215694,0.967440917859,11.4941051636,0.800590745241,-8.62438489465,-3439924.83515,-3439933.45953
9.61218171285,0.993880896272,11.5245794521,0.784111752558,-8.62497325765,-3422211.30188,-3422219.92685
9.5598067931,1.01644493196,11.5377552123,0.78241585261,-8.56623830578,-3430675.70655,-3430684.27279
9.74429450521,0.938589044523,11.4802448701,0.811799138593,-8.70382780937,-3439788.85684,-3439797.56067
9.69829005431,0.950627205993,11.4983076523,0.788314110734,-8.73181129539,-3421566.8809,-3421575.61271
10.1437456203,1.0984811614,11.5979621594,1.03630419287,-8.30626555947,-4987058.62652,-4987066.93279
9.52907866896,1.00836653882,11.5239616199,0.775039867932,-8.5681038958,-3430334.99582,-3430343.56392
9.84152653017,0.908920690329,11.4868425615,0.796283292754,-8.89069169078,-3409056.92685,-3409065.81754
9.63315585045,0.975613752012,11.4941322591,0.801547740741,-8.59272893573,-3436870.95817,-3436879.5509
9.31129252633,0.865911259438,11.4320837702,0.608463321723,-9.19274645309,-5221997.12099,-5222006.31374
9.64254261637,0.97041507467,11.4933617906,0.802762344018,-8.60562167446,-3443590.01969,-3443598.62531
